# Fiducial parameters: H0 = 67.37, omega_b = 0.02237, N_ur = 2.037, omega_cdm = 0.12, N_ncdm = 1, omega_ncdm = 0.0006451439, m_ncdm = 0.06, A_s = 2.108e-09, n_s = 0.9619, tau_reio = 0.0546, YHe = 0.2454006, recombination = recfast, non linear = halofit
30 1067.8645 0.022218114 1.9141524
31 1084.4187 0.024833904 1.9386486
32 1101.2464 0.027661304 1.957047
33 1118.3234 0.030706616 1.9684121
34 1135.5737 0.033975705 1.9716963
35 1153.0142 0.037474785 1.9659647
36 1170.6475 0.041209833 1.9502309
37 1188.444 0.045186495 1.9235784
38 1206.4341 0.049410575 1.8858078
39 1224.6378 0.053887658 1.8370058
40 1243.0345 0.05862295 1.7773823
41 1261.5842 0.063621379 1.7071672
42 1280.3089 0.068888028 1.6262459
43 1299.2308 0.074427805 1.5344174
44 1318.3462 0.080245305 1.4314941
45 1337.6377 0.086344694 1.3172762
46 1357.1207 0.092729344 1.1914697
47 1376.8065 0.099402065 1.0537433
48 1396.6871 0.10636518 0.90374964
49 1416.7337 0.11362048 0.74112343
50 1436.9129 0.12116934 0.56551947
51 1457.2445 0.12901296 0.37674289
52 1477.757 0.13715215 0.17465138
53 1498.4692 0.14558718 -0.040881277
54 1519.39 0.15431785 -0.26996501
55 1540.5221 0.16334364 -0.51268897
56 1561.8778 0.17266469 -0.76910726
57 1583.4656 0.182281 -1.0392493
58 1605.285 0.19219227 -1.3231235
59 1627.3257 0.20239784 -1.6207169
60 1649.5673 0.2128967 -1.9319949
61 1671.9884 0.22368694 -2.2569004
62 1694.5993 0.23476402 -2.5953529
63 1717.4156 0.24612208 -2.9472483
64 1740.4483 0.25775444 -3.3124594
65 1763.7036 0.26965357 -3.6908351
66 1787.1823 0.28181109 -4.0822003
67 1810.8795 0.29421771 -4.4863555
68 1834.7894 0.30686415 -4.9030952
69 1858.9207 0.31974414 -5.3322686
70 1883.2835 0.33285201 -5.7737305
71 1907.8845 0.34618178 -6.2273243
72 1932.7271 0.35972717 -6.692881
73 1957.8104 0.37348162 -7.1702204
74 1983.1298 0.38743826 -7.6591506
75 2008.6763 0.40158993 -8.1594681
76 2034.4411 0.41592877 -8.6709496
77 2060.4303 0.43044488 -9.1933231
78 2086.6522 0.44512741 -9.7262915
79 2113.1133 0.45996495 -10.269541
80 2139.8175 0.4749455 -10.822741
81 2166.7668 0.49005651 -11.385543
82 2193.9604 0.5052848 -11.957584
83 2221.395 0.52061663 -12.538481
84 2249.0667 0.53603814 -13.127843
85 2276.9785 0.55153695 -13.725293
86 2305.1335 0.56710085 -14.330447
87 2333.5335 0.58271728 -14.942909
88 2362.1781 0.59837337 -15.562271
89 2391.065 0.61405591 -16.188109
90 2420.1899 0.62975136 -16.819991
91 2449.5464 0.64544584 -17.457468
92 2479.1257 0.66112515 -18.10008
93 2508.9196 0.67677499 -18.747362
94 2538.9288 0.69238159 -19.398856
95 2569.1554 0.7079312 -20.054099
96 2599.6005 0.72340983 -20.71262
97 2630.264 0.73880331 -21.373938
98 2661.1444 0.75409724 -22.037563
99 2692.2391 0.76927703 -22.702997
100 2723.544 0.78432787 -23.36973
101 2755.0539 0.79923477 -24.037245
102 2786.7617 0.81398255 -24.705018
103 2818.6592 0.82855583 -25.372515
104 2850.7382 0.84293943 -26.039196
105 2882.9964 0.85711956 -26.704533
106 2915.4328 0.8710828 -27.367998
107 2948.045 0.88481573 -28.029054
108 2980.8301 0.89830496 -28.687159
109 3013.7841 0.91153709 -29.341767
110 3046.9022 0.92449878 -29.992325
111 3080.1786 0.9371767 -30.638275
112 3113.6062 0.94955757 -31.279056
113 3147.1772 0.96162815 -31.914099
114 3180.8825 0.97337529 -32.542833
115 3214.7121 0.98478586 -33.164682
116 3248.656 0.99584719 -33.779072
117 3282.7093 1.0065482 -34.385453
118 3316.8678 1.0168782 -34.983283
119 3351.1267 1.0268272 -35.572018
120 3385.4805 1.0363849 -36.151113
121 3419.9231 1.0455416 -36.720024
122 3454.4476 1.0542879 -37.278205
123 3489.0466 1.0626146 -37.825113
124 3523.7117 1.0705127 -38.360204
125 3558.4341 1.0779737 -38.882934
126 3593.2038 1.0849894 -39.392761
127 3628.0102 1.0915518 -39.889145
128 3662.8422 1.0976534 -40.371545
129 3697.6885 1.1032871 -40.839429
130 3732.542 1.1084477 -41.292289
131 3767.3965 1.1131306 -41.729623
132 3802.2451 1.1173317 -42.150937
133 3837.0805 1.1210475 -42.555739
134 3871.895 1.1242749 -42.943543
135 3906.6803 1.1270115 -43.31387
136 3941.4277 1.1292552 -43.666243
137 3976.1279 1.1310047 -44.000194
138 4010.7713 1.1322592 -44.31526
139 4045.3476 1.1330185 -44.610983
140 4079.8459 1.133283 -44.886915
141 4114.2548 1.1330536 -45.142612
142 4148.5625 1.132332 -45.377638
143 4182.7565 1.1311204 -45.591566
144 4216.8246 1.1294219 -45.783978
145 4250.7584 1.1272404 -45.954484
146 4284.5503 1.1245807 -46.102706
147 4318.1922 1.1214485 -46.228275
148 4351.6759 1.11785 -46.330834
149 4384.9928 1.1137921 -46.410036
150 4418.1342 1.1092827 -46.465546
151 4451.0909 1.1043302 -46.497038
152 4483.8534 1.0989441 -46.5042
153 4516.412 1.0931344 -46.48673
154 4548.7567 1.0869122 -46.444339
155 4580.877 1.0802891 -46.376752
156 4612.7624 1.0732777 -46.283703
157 4644.4017 1.0658916 -46.164943
158 4675.7837 1.0581451 -46.020235
159 4706.8965 1.0500534 -45.849355
160 4737.7281 1.0416325 -45.652094
161 4768.2669 1.0328991 -45.428254
162 4798.5044 1.0238692 -45.17765
163 4828.4327 1.0145593 -44.900105
164 4858.0438 1.0049867 -44.595461
165 4887.3295 0.99516938 -44.263574
166 4916.2817 0.98512646 -43.904314
167 4944.8919 0.97487774 -43.517568
168 4973.1517 0.96444396 -43.103238
169 5001.0523 0.95384672 -42.661245
170 5028.5851 0.94310854 -42.191523
171 5055.7411 0.93225284 -41.694025
172 5082.5113 0.92130398 -41.168721
173 5108.8864 0.91028724 -40.615598
174 5134.8572 0.89922884 -40.034662
175 5160.4142 0.88815598 -39.425935
176 5185.5477 0.8770968 -38.78946
177 5210.2479 0.86608046 -38.125296
178 5234.505 0.85513708 -37.433523
179 5258.3088 0.84429779 -36.714241
180 5281.6499 0.83359363 -35.967556
181 5304.521 0.82305207 -35.193554
182 5326.9161 0.81270024 -34.392328
183 5348.8287 0.80256602 -33.563989
184 5370.2525 0.79267803 -32.708665
185 5391.1814 0.78306565 -31.826503
186 5411.609 0.77375903 -30.917667
187 5431.5291 0.76478912 -29.982341
188 5450.9356 0.75618761 -29.020729
189 5469.8222 0.74798701 -28.033053
190 5488.1827 0.74022062 -27.019553
191 5506.0111 0.73292255 -25.980492
192 5523.3012 0.72612771 -24.916151
193 5540.0469 0.71987185 -23.826832
194 5556.2422 0.71419153 -22.712856
195 5571.8809 0.70912415 -21.574568
196 5586.9571 0.70470795 -20.41233
197 5601.4647 0.70098202 -19.22653
198 5615.3977 0.69798633 -18.017573
199 5628.7503 0.69576167 -16.78589
200 5641.5164 0.69434974 -15.53193
201 5653.6906 0.6937911 -14.256145
202 5665.2691 0.69411905 -12.95891
203 5676.2489 0.69536536 -11.640597
204 5686.6269 0.69756218 -10.301595
205 5696.4003 0.70074211 -8.9423082
206 5705.5663 0.70493816 -7.563162
207 5714.1222 0.71018374 -6.1645979
208 5722.0657 0.71651273 -4.747076
209 5729.3943 0.72395938 -3.3110749
210 5736.106 0.7325584 -1.8570917
211 5742.1985 0.74234491 -0.38564258
212 5747.67 0.75335447 1.1027377
213 5752.5188 0.76562305 2.6074948
214 5756.7432 0.77918708 4.1280554
215 5760.3418 0.79408341 5.6638262
216 5763.3132 0.8103493 7.2141945
217 5765.6562 0.82802248 8.7785275
218 5767.3698 0.84714111 10.356172
219 5768.4532 0.86774377 11.946455
220 5768.9056 0.8898695 13.548683
221 5768.7265 0.91355777 15.162141
222 5767.9154 0.93884851 16.786094
223 5766.4722 0.96578206 18.419785
224 5764.397 0.9943965 20.062476
225 5761.6904 1.0247192 21.713571
226 5758.3538 1.0567745 23.372499
227 5754.3884 1.0905869 25.038678
228 5749.7957 1.1261805 26.711509
229 5744.5777 1.1635793 28.390384
230 5738.7361 1.2028073 30.074678
231 5732.2732 1.2438881 31.763754
232 5725.1913 1.2868452 33.456961
233 5717.4931 1.331702 35.153635
234 5709.1813 1.3784817 36.853097
235 5700.2589 1.4272072 38.554656
236 5690.7291 1.4779013 40.257604
237 5680.5954 1.5305867 41.961221
238 5669.8615 1.5852856 43.664773
239 5658.5312 1.6420204 45.36751
240 5646.6085 1.7008129 47.068669
241 5634.098 1.7616849 48.767472
242 5621.004 1.8246579 50.463126
243 5607.3314 1.8897533 52.154824
244 5593.0852 1.9569921 53.841745
245 5578.2706 2.0263951 55.52305
246 5562.8931 2.0979829 57.197888
247 5546.9584 2.1717759 58.865393
248 5530.4725 2.2477942 60.524681
249 5513.4416 2.3260575 62.174855
250 5495.8719 2.4065828 63.815057
251 5477.769 2.4893759 65.444636
252 5459.1385 2.574439 67.062991
253 5439.9861 2.6617739 68.669515
254 5420.318 2.7513811 70.263597
255 5400.1402 2.8432608 71.844619
256 5379.4594 2.9374119 73.41196
257 5358.282 3.0338328 74.964994
258 5336.6149 3.1325208 76.503089
259 5314.4652 3.2334726 78.025609
260 5291.8403 3.3366838 79.531912
261 5268.7476 3.4421492 81.021353
262 5245.1947 3.5498628 82.493279
263 5221.1898 3.6598177 83.947035
264 5196.7409 3.7720058 85.381959
265 5171.8565 3.8864185 86.797387
266 5146.5452 4.0030459 88.192647
267 5120.8157 4.1218775 89.567063
268 5094.6773 4.2429016 90.919955
269 5068.1391 4.3661056 92.250637
270 5041.2108 4.4914759 93.55842
271 5013.9022 4.6189982 94.842608
272 4986.2231 4.7486567 96.102502
273 4958.1839 4.880435 97.337396
274 4929.7951 5.0143156 98.546581
275 4901.0674 5.15028 99.729343
276 4872.0118 5.2883084 100.88496
277 4842.6394 5.4283804 102.01272
278 4812.9617 5.5704742 103.11188
279 4782.9898 5.7145663 104.18177
280 4752.7326 5.8606291 105.22194
281 4722.1984 6.008633 106.23201
282 4691.3958 6.1585472 107.2116
283 4660.3335 6.3103395 108.16033
284 4629.0203 6.4639767 109.07785
285 4597.4652 6.6194242 109.96378
286 4565.6773 6.7766461 110.81777
287 4533.6659 6.9356053 111.63946
288 4501.4404 7.0962635 112.42852
289 4469.0103 7.2585808 113.1846
290 4436.3854 7.4225163 113.90737
291 4403.5756 7.5880276 114.59651
292 4370.5907 7.755071 115.25169
293 4337.4411 7.9236015 115.8726
294 4304.137 8.0935726 116.45893
295 4270.6889 8.2649366 117.01038
296 4237.1074 8.4376443 117.52665
297 4203.4032 8.6116452 118.00746
298 4169.5874 8.7868873 118.45253
299 4135.6709 8.9633172 118.86158
300 4101.6649 9.1408802 119.23435
301 4067.581 9.31952 119.57057
302 4033.4306 9.4991789 119.87
303 3999.2254 9.6797977 120.13239
304 3964.9772 9.861316 120.3575
305 3930.6981 10.043671 120.54509
306 3896.4003 10.226801 120.69496
307 3862.096 10.410638 120.80688
308 3827.7978 10.595118 120.88065
309 3793.5183 10.780171 120.91607
310 3759.2703 10.965728 120.91294
311 3725.0667 11.151718 120.87108
312 3690.9199 11.338072 120.79036
313 3656.8385 11.524734 120.67077
314 3622.8307 11.711649 120.51236
315 3588.9044 11.898765 120.31517
316 3555.0676 12.086026 120.07929
317 3521.3284 12.273374 119.80479
318 3487.6949 12.460753 119.49178
319 3454.1751 12.648104 119.14037
320 3420.7772 12.835368 118.75069
321 3387.5093 13.022483 118.32287
322 3354.3796 13.209389 117.85708
323 3321.3963 13.396021 117.35348
324 3288.5675 13.582317 116.81227
325 3255.9016 13.768211 116.23364
326 3223.4067 13.953636 115.6178
327 3191.0912 14.138527 114.96499
328 3158.9632 14.322814 114.27546
329 3127.0312 14.506428 113.54947
330 3095.3034 14.689298 112.78729
331 3063.7882 14.871352 111.98921
332 3032.4939 15.052518 111.15556
333 3001.429 15.232722 110.28664
334 2970.6017 15.411888 109.38281
335 2940.0205 15.58994 108.44442
336 2909.6939 15.7668 107.47184
337 2879.6301 15.94239 106.46547
338 2849.8378 16.11663 105.42572
339 2820.3253 16.289438 104.353
340 2791.1012 16.460733 103.24776
341 2762.1739 16.63043 102.11046
342 2733.5518 16.798445 100.94158
343 2705.2436 16.964693 99.741595
344 2677.2577 17.129085 98.511033
345 2649.6027 17.291534 97.250417
346 2622.2871 17.45195 95.960293
347 2595.3194 17.610242 94.641227
348 2568.7082 17.766317 93.2938
349 2542.4613 17.920092 91.918584
350 2516.5836 18.071513 90.516055
351 2491.0791 18.220538 89.086674
352 2465.9517 18.367121 87.630918
353 2441.2053 18.51122 86.149279
354 2416.8435 18.652789 84.642261
355 2392.87 18.791786 83.110386
356 2369.2884 18.928165 81.554191
357 2346.102 19.061882 79.974226
358 2323.3142 19.192893 78.37106
359 2300.9282 19.321152 76.745273
360 2278.9471 19.446616 75.097464
361 2257.3739 19.56924 73.428247
362 2236.2116 19.688978 71.738251
363 2215.4629 19.805786 70.02812
364 2195.1304 19.919618 68.298517
365 2175.2168 20.03043 66.550119
366 2155.7245 20.138176 64.783619
367 2136.6558 20.24281 62.999727
368 2118.013 20.344288 61.19917
369 2099.7982 20.442564 59.38269
370 2082.0133 20.537593 57.551048
371 2064.6602 20.629328 55.705019
372 2047.7407 20.717724 53.845396
373 2031.2564 20.802736 51.97299
374 2015.2088 20.884316 50.088629
375 1999.5992 20.96242 48.193157
376 1984.429 21.037002 46.287435
377 1969.6992 21.108014 44.372343
378 1955.4109 21.175412 42.448777
379 1941.5649 21.239149 40.517653
380 1928.1619 21.299178 38.579903
381 1915.2026 21.355453 36.636475
382 1902.6874 21.407928 34.68834
383 1890.6167 21.456557 32.736482
384 1878.9906 21.501292 30.781906
385 1867.8093 21.542088 28.825635
386 1857.0726 21.578897 26.868709
387 1846.7804 21.611672 24.912188
388 1836.9322 21.640377 22.957061
389 1827.527 21.665005 21.003966
390 1818.5635 21.685564 19.053461
391 1810.0404 21.702059 17.106113
392 1801.9561 21.714497 15.162495
393 1794.3089 21.722887 13.223187
394 1787.0968 21.727238 11.288777
395 1780.3179 21.727561 9.3598638
396 1773.9699 21.723868 7.43705
397 1768.0505 21.71617 5.5209483
398 1762.5572 21.704481 3.6121787
399 1757.4871 21.688817 1.7113692
400 1752.8375 21.669193 -0.18084415
401 1748.6054 21.645625 -2.0638174
402 1744.7874 21.618132 -3.9368984
403 1741.3802 21.586733 -5.7994271
404 1738.3803 21.551448 -7.6507352
405 1735.7839 21.512299 -9.4901462
406 1733.5872 21.469307 -11.316976
407 1731.7859 21.422497 -13.130531
408 1730.376 21.371893 -14.93011
409 1729.3528 21.317521 -16.715004
410 1728.7118 21.259408 -18.484495
411 1728.4482 21.197583 -20.237857
412 1728.557 21.132075 -21.974355
413 1729.033 21.062914 -23.693247
414 1729.8708 20.990133 -25.39378
415 1731.065 20.913763 -27.075195
416 1732.6096 20.833841 -28.736723
417 1734.4989 20.7504 -30.377586
418 1736.7266 20.663479 -31.997
419 1739.2865 20.573114 -33.594168
420 1742.172 20.479345 -35.168288
421 1745.3765 20.382212 -36.718548
422 1748.8929 20.281757 -38.244127
423 1752.7143 20.178023 -39.744195
424 1756.8334 20.071055 -41.217913
425 1761.2425 19.960897 -42.664435
426 1765.934 19.847597 -44.082904
427 1770.9006 19.731204 -45.472558
428 1776.1374 19.611775 -46.83305
429 1781.6399 19.489369 -48.164135
430 1787.4035 19.364048 -49.465576
431 1793.4235 19.235874 -50.737134
432 1799.6949 19.104911 -51.978576
433 1806.2128 18.971225 -53.189669
434 1812.9721 18.834882 -54.370186
435 1819.9673 18.695952 -55.5199
436 1827.1932 18.554504 -56.638589
437 1834.644 18.410611 -57.726034
438 1842.3142 18.264346 -58.782017
439 1850.1977 18.115782 -59.806324
440 1858.2887 17.964998 -60.798745
441 1866.5809 17.812071 -61.759072
442 1875.0681 17.657081 -62.687101
443 1883.7437 17.500108 -63.58263
444 1892.6012 17.341237 -64.445462
445 1901.6338 17.180551 -65.2754
446 1910.8347 17.018136 -66.072253
447 1920.1967 16.854081 -66.835833
448 1929.7126 16.688475 -67.565955
449 1939.3752 16.521408 -68.262437
450 1949.1768 16.352975 -68.9251
451 1959.1099 16.183268 -69.553769
452 1969.1665 16.012385 -70.148272
453 1979.3386 15.840424 -70.708442
454 1989.6183 15.667483 -71.234113
455 1999.997 15.493665 -71.725124
456 2010.4665 15.319072 -72.181319
457 2021.0179 15.143809 -72.602542
458 2031.6427 14.967983 -72.988643
459 2042.3318 14.791701 -73.339476
460 2053.076 14.615075 -73.654897
461 2063.8662 14.438216 -73.934767
462 2074.6929 14.261237 -74.17895
463 2085.5465 14.084254 -74.387315
464 2096.4171 13.907384 -74.559733
465 2107.295 13.730746 -74.69608
466 2118.1709 13.554453 -74.796295
467 2129.0399 13.378589 -74.860558
468 2139.898 13.203228 -74.889117
469 2150.7411 13.028449 -74.882231
470 2161.565 12.854329 -74.84017
471 2172.3655 12.680947 -74.763212
472 2183.1383 12.508384 -74.651646
473 2193.8791 12.336721 -74.505773
474 2204.5834 12.16604 -74.325902
475 2215.2468 11.996425 -74.112353
476 2225.8648 11.827959 -73.865459
477 2236.4327 11.66073 -73.585561
478 2246.9459 11.494822 -73.27301
479 2257.3996 11.330324 -72.92817
480 2267.7891 11.167325 -72.551415
481 2278.1094 11.005914 -72.143129
482 2288.3556 10.846182 -71.703709
483 2298.5227 10.688222 -71.233559
484 2308.6057 10.532126 -70.733099
485 2318.5994 10.377988 -70.202757
486 2328.4986 10.225904 -69.642972
487 2338.298 10.075971 -69.054196
488 2347.9922 9.9282853 -68.43689
489 2357.5759 9.7829462 -67.79153
490 2367.0436 9.6400535 -67.118599
491 2376.3897 9.4997081 -66.418594
492 2385.6086 9.3620121 -65.692025
493 2394.6945 9.2270686 -64.939409
494 2403.6418 9.0949822 -64.161279
495 2412.4446 8.9658583 -63.358178
496 2421.0969 8.8398037 -62.530661
497 2429.5929 8.7169261 -61.679295
498 2437.9264 8.5973346 -60.804659
499 2446.0913 8.4811394 -59.907342
500 2454.0814 8.3684518 -58.987949
501 2461.8904 8.2593845 -58.047094
502 2469.5121 8.1540512 -57.085404
503 2476.9399 8.0525667 -56.103519
504 2484.1674 7.9550473 -55.10209
505 2491.189 7.8615964 -54.08176
506 2498.0028 7.7722631 -53.043095
507 2504.6079 7.6870826 -51.98665
508 2511.0035 7.60609 -50.912992
509 2517.1886 7.5293202 -49.822695
510 2523.1625 7.4568082 -48.716348
511 2528.9242 7.3885887 -47.594548
512 2534.473 7.3246964 -46.457902
513 2539.8081 7.2651659 -45.30703
514 2544.9287 7.2100315 -44.142562
515 2549.834 7.1593276 -42.965138
516 2554.5233 7.1130883 -41.775409
517 2558.9958 7.0713478 -40.574038
518 2563.2509 7.0341399 -39.361699
519 2567.2878 7.0014986 -38.139076
520 2571.1058 6.9734575 -36.906864
521 2574.7043 6.9500501 -35.665771
522 2578.0826 6.9313099 -34.416514
523 2581.2401 6.9172703 -33.159823
524 2584.1762 6.9079643 -31.896439
525 2586.8903 6.9034251 -30.627113
526 2589.3818 6.9036854 -29.352609
527 2591.6502 6.9087782 -28.073702
528 2593.6949 6.918736 -26.791178
529 2595.5154 6.9335913 -25.505836
530 2597.1112 6.9533764 -24.218486
531 2598.4817 6.9781236 -22.929949
532 2599.6266 7.0078649 -21.641057
533 2600.5454 7.0426321 -20.352658
534 2601.2377 7.0824571 -19.065606
535 2601.703 7.1273714 -17.780771
536 2601.941 7.1774064 -16.499035
537 2601.9512 7.2325936 -15.221289
538 2601.7334 7.292964 -13.94844
539 2601.2872 7.3585485 -12.681403
540 2600.6122 7.429378 -11.421108
541 2599.7083 7.5054832 -10.168498
542 2598.5751 7.5868945 -8.9245251
543 2597.2123 7.6736423 -7.6901562
544 2595.6202 7.7657456 -6.4662809
545 2593.8008 7.8631788 -5.2534427
546 2591.7563 7.9659042 -4.0521015
547 2589.4895 8.0738827 -2.8627218
548 2587.0027 8.1870743 -1.685773
549 2584.2987 8.3054377 -0.52172881
550 2581.38 8.4289304 0.628932
551 2578.2495 8.5575089 1.7657261
552 2574.91 8.6911283 2.8881652
553 2571.3642 8.8297426 3.9957566
554 2567.6152 8.9733047 5.0880025
555 2563.6658 9.1217662 6.1644004
556 2559.5192 9.2750773 7.2244429
557 2555.1783 9.4331874 8.2676179
558 2550.6465 9.5960443 9.2934084
559 2545.9269 9.7635948 10.301292
560 2541.0228 9.9357844 11.290743
561 2535.9376 10.112557 12.261229
562 2530.6747 10.293857 13.212213
563 2525.2375 10.479624 14.143154
564 2519.6296 10.6698 15.053504
565 2513.8546 10.864324 15.942714
566 2507.9161 11.063133 16.810226
567 2501.818 11.266165 17.655478
568 2495.564 11.473355 18.477904
569 2489.158 11.684636 19.276932
570 2482.6039 11.899943 20.051985
571 2475.9057 12.119205 20.802483
572 2469.0675 12.342354 21.527837
573 2462.0933 12.569319 22.227455
574 2454.9875 12.800026 22.900741
575 2447.7542 13.034403 23.547093
576 2440.3978 13.272373 24.165901
577 2432.9228 13.513861 24.756555
578 2425.3334 13.758789 25.318436
579 2417.6344 14.007077 25.85092
580 2409.8303 14.258646 26.35338
581 2401.9257 14.513413 26.825181
582 2393.9255 14.771295 27.265685
583 2385.8342 15.032207 27.674349
584 2377.6557 15.29606 28.051035
585 2369.3938 15.562762 28.395708
586 2361.0521 15.832222 28.708336
587 2352.6346 16.104344 28.988891
588 2344.1451 16.379034 29.237349
589 2335.5876 16.656195 29.453686
590 2326.9661 16.935728 29.637883
591 2318.2846 17.217533 29.789926
592 2309.5472 17.50151 29.909801
593 2300.7582 17.787554 29.997498
594 2291.9216 18.075562 30.053012
595 2283.0419 18.365427 30.07634
596 2274.1232 18.657044 30.067481
597 2265.1701 18.950301 30.026439
598 2256.1869 19.24509 29.953221
599 2247.1782 19.541298 29.847836
600 2238.1485 19.838811 29.710299
601 2229.1025 20.137516 29.540626
602 2220.0447 20.437294 29.338837
603 2210.98 20.738028 29.104956
604 2201.913 21.039598 28.839009
605 2192.8488 21.341884 28.541026
606 2183.7921 21.644761 28.211042
607 2174.7479 21.948107 27.849093
608 2165.7213 22.251794 27.45522
609 2156.7173 22.555695 27.029468
610 2147.7411 22.859681 26.571883
611 2138.7979 23.163621 26.082517
612 2129.8929 23.467383 25.561425
613 2121.0314 23.770833 25.008664
614 2112.2189 24.073835 24.424297
615 2103.4607 24.376252 23.808389
616 2094.7624 24.677945 23.161008
617 2086.1295 24.978773 22.482228
618 2077.5677 25.278595 21.772125
619 2069.0826 25.577265 21.030779
620 2060.68 25.87464 20.258273
621 2052.3656 26.170571 19.454695
622 2044.1448 26.464921 18.620189
623 2036.0205 26.757595 17.755116
624 2027.9951 27.048509 16.859897
625 2020.0708 27.337578 15.934963
626 2012.2502 27.624716 14.98075
627 2004.5356 27.909836 13.997704
628 1996.9293 28.192851 12.986279
629 1989.434 28.473671 11.946935
630 1982.052 28.752208 10.880144
631 1974.7858 29.028371 9.7863809
632 1967.6378 29.302069 8.6661331
633 1960.6107 29.573211 7.5198941
634 1953.7069 29.841704 6.348166
635 1946.9289 30.107454 5.1514591
636 1940.2793 30.370366 3.9302922
637 1933.7607 30.630345 2.685192
638 1927.3756 30.887296 1.416694
639 1921.1267 31.141121 0.12534169
640 1915.0166 31.391721 -1.1883128
641 1909.048 31.638999 -2.5237091
642 1903.2234 31.882855 -3.880278
643 1897.5456 32.123187 -5.2574422
644 1892.0173 32.359895 -6.6546156
645 1886.6411 32.592876 -8.0712036
646 1881.4198 32.822026 -9.5066029
647 1876.3561 33.047243 -10.960202
648 1871.4529 33.26842 -12.431379
649 1866.7128 33.485452 -13.919507
650 1862.1386 33.698231 -15.423945
651 1857.7333 33.906651 -16.944049
652 1853.4996 34.110602 -18.479161
653 1849.4403 34.309975 -20.028618
654 1845.5583 34.50466 -21.591746
655 1841.8566 34.694544 -23.167863
656 1838.338 34.879517 -24.756277
657 1835.0053 35.059463 -26.356288
658 1831.8617 35.23427 -27.967187
659 1828.91 35.403822 -29.588256
660 1826.1531 35.568003 -31.218766
661 1823.5936 35.726712 -32.858007
662 1821.2315 35.879915 -34.505362
663 1819.0663 36.027593 -36.160234
664 1817.0975 36.169727 -37.822015
665 1815.3246 36.3063 -39.490094
666 1813.747 36.437293 -41.163849
667 1812.3641 36.56269 -42.842653
668 1811.1753 36.682472 -44.52587
669 1810.18 36.796623 -46.212857
670 1809.3775 36.905126 -47.902964
671 1808.7671 37.007965 -49.595532
672 1808.3481 37.105124 -51.289897
673 1808.1199 37.196585 -52.985384
674 1808.0815 37.282335 -54.681313
675 1808.2322 37.362358 -56.376996
676 1808.5713 37.436637 -58.071736
677 1809.0979 37.50516 -59.764829
678 1809.811 37.56791 -61.455564
679 1810.7099 37.624874 -63.14322
680 1811.7936 37.676038 -64.827072
681 1813.0612 37.721388 -66.506383
682 1814.5117 37.760911 -68.18041
683 1816.144 37.794594 -69.848404
684 1817.9573 37.822423 -71.509604
685 1819.9504 37.844387 -73.163245
686 1822.1223 37.860473 -74.808552
687 1824.4718 37.870669 -76.444741
688 1826.9979 37.874963 -78.071023
689 1829.6994 37.873344 -79.686598
690 1832.5751 37.865801 -81.29066
691 1835.6237 37.852324 -82.882394
692 1838.8442 37.832902 -84.460976
693 1842.2351 37.807524 -86.025576
694 1845.7953 37.776181 -87.575354
695 1849.5233 37.738863 -89.109461
696 1853.4179 37.695561 -90.627044
697 1857.4776 37.646267 -92.127236
698 1861.7011 37.590971 -93.609167
699 1866.0869 37.529665 -95.071954
700 1870.6335 37.462354 -96.514795
701 1875.338 37.389086 -97.937224
702 1880.1978 37.309925 -99.338858
703 1885.2099 37.224936 -100.71931
704 1890.3714 37.134183 -102.0782
705 1895.6793 37.037733 -103.41512
706 1901.1305 36.935653 -104.7297
707 1906.722 36.828011 -106.02152
708 1912.4507 36.714878 -107.2902
709 1918.3134 36.596324 -108.53534
710 1924.3069 36.472422 -109.75652
711 1930.4279 36.343243 -110.95335
712 1936.6732 36.208863 -112.12542
713 1943.0394 36.069358 -113.27231
714 1949.5231 35.924803 -114.39361
715 1956.1209 35.775276 -115.48891
716 1962.8293 35.620857 -116.55778
717 1969.6447 35.461626 -117.59981
718 1976.5636 35.297663 -118.61457
719 1983.5824 35.129052 -119.60164
720 1990.6974 34.955876 -120.56058
721 1997.905 34.77822 -121.49097
722 2005.2012 34.59617 -122.39236
723 2012.5824 34.409814 -123.26433
724 2020.0446 34.219239 -124.10643
725 2027.584 34.024536 -124.91822
726 2035.1966 33.825795 -125.69925
727 2042.8785 33.62311 -126.44908
728 2050.6255 33.416572 -127.16726
729 2058.4336 33.206277 -127.85333
730 2066.2987 32.99232 -128.50683
731 2074.2164 32.774799 -129.12732
732 2082.1827 32.553812 -129.71433
733 2090.1933 32.329459 -130.26738
734 2098.2437 32.101839 -130.78603
735 2106.3296 31.871057 -131.26979
736 2114.4465 31.637214 -131.7182
737 2122.5901 31.400415 -132.13077
738 2130.7556 31.160766 -132.50705
739 2138.9389 30.918375 -132.84662
740 2147.1364 30.673345 -133.14948
741 2155.3449 30.425781 -133.4157
742 2163.5611 30.175792 -133.64537
743 2171.7815 29.923483 -133.83855
744 2180.003 29.668966 -133.99534
745 2188.2221 29.412349 -134.11583
746 2196.4352 29.153745 -134.20011
747 2204.6391 28.893267 -134.24827
748 2212.8301 28.631028 -134.26042
749 2221.0047 28.367145 -134.23665
750 2229.1593 28.101734 -134.17707
751 2237.2904 27.834912 -134.08179
752 2245.3942 27.5668 -133.95093
753 2253.467 27.297517 -133.78459
754 2261.5052 27.027186 -133.5829
755 2269.505 26.75593 -133.34598
756 2277.4626 26.483873 -133.07395
757 2285.3741 26.211142 -132.76695
758 2293.2357 25.937862 -132.42511
759 2301.0434 25.664163 -132.04856
760 2308.7933 25.390174 -131.63744
761 2316.4815 25.116027 -131.19191
762 2324.1039 24.841853 -130.71209
763 2331.6564 24.567786 -130.19816
764 2339.135 24.293962 -129.65025
765 2346.5355 24.020516 -129.06853
766 2353.8537 23.747587 -128.45316
767 2361.0854 23.475313 -127.8043
768 2368.2265 23.203835 -127.12212
769 2375.2725 22.933295 -126.4068
770 2382.2192 22.663836 -125.6585
771 2389.0622 22.395601 -124.87742
772 2395.797 22.128738 -124.06372
773 2402.4194 21.863393 -123.21761
774 2408.9247 21.599716 -122.33926
775 2415.3085 21.337855 -121.42887
776 2421.5661 21.077962 -120.48665
777 2427.6931 20.82019 -119.51279
778 2433.6853 20.564681 -118.50754
779 2439.5404 20.311527 -117.47133
780 2445.257 20.060806 -116.40463
781 2450.8332 19.8126 -115.30794
782 2456.2675 19.56699 -114.18174
783 2461.5582 19.324057 -113.02652
784 2466.7035 19.083883 -111.8428
785 2471.7019 18.846552 -110.63109
786 2476.5515 18.612147 -109.39189
787 2481.2507 18.380753 -108.12574
788 2485.7978 18.152453 -106.83316
789 2490.191 17.927334 -105.51469
790 2494.4286 17.705482 -104.17087
791 2498.5089 17.486983 -102.80226
792 2502.43 17.271924 -101.40941
793 2506.1903 17.060395 -99.992891
794 2509.788 16.852483 -98.553264
795 2513.2212 16.648277 -97.091111
796 2516.4883 16.447868 -95.607016
797 2519.5873 16.251346 -94.10157
798 2522.5166 16.058803 -92.57537
799 2525.2742 15.87033 -91.029022
800 2527.8584 15.68602 -89.463138
801 2530.2673 15.505966 -87.878336
802 2532.4991 15.330262 -86.275241
803 2534.552 15.159002 -84.654487
804 2536.4241 14.992282 -83.016713
805 2538.1134 14.830197 -81.362565
806 2539.6183 14.672845 -79.692698
807 2540.9366 14.520321 -78.007772
808 2542.0667 14.372725 -76.308456
809 2543.0065 14.230153 -74.595423
810 2543.7542 14.092707 -72.869356
811 2544.3077 13.960485 -71.130945
812 2544.6654 13.833588 -69.380886
813 2544.825 13.712117 -67.619882
814 2544.7848 13.596174 -65.848645
815 2544.5428 13.485862 -64.067893
816 2544.0969 13.381284 -62.278351
817 2543.4458 13.282527 -60.480723
818 2542.5897 13.18961 -58.675611
819 2541.5294 13.102537 -56.863591
820 2540.2659 13.02131 -55.045246
821 2538.7999 12.945932 -53.221167
822 2537.1323 12.876403 -51.391948
823 2535.2641 12.812726 -49.558189
824 2533.1961 12.754902 -47.720498
825 2530.9293 12.702931 -45.879485
826 2528.4647 12.656815 -44.035771
827 2525.8031 12.616554 -42.189977
828 2522.9457 12.582147 -40.342735
829 2519.8933 12.553594 -38.494679
830 2516.6471 12.530895 -36.646452
831 2513.208 12.514049 -34.7987
832 2509.5772 12.503054 -32.952077
833 2505.7558 12.497908 -31.107243
834 2501.7447 12.49861 -29.264862
835 2497.5452 12.505158 -27.425606
836 2493.1584 12.517548 -25.590152
837 2488.5855 12.535778 -23.759183
838 2483.8276 12.559844 -21.933389
839 2478.8859 12.589743 -20.113464
840 2473.7617 12.625472 -18.30011
841 2468.4562 12.667024 -16.494035
842 2462.9706 12.714397 -14.695952
843 2457.3063 12.767585 -12.90658
844 2451.4645 12.826583 -11.126645
845 2445.4466 12.891385 -9.35688
846 2439.2539 12.961985 -7.598022
847 2432.8877 13.038377 -5.8508155
848 2426.3495 13.120554 -4.1160109
849 2419.6406 13.208509 -2.394365
850 2412.7624 13.302235 -0.68664055
851 2405.7164 13.401724 1.0063933
852 2398.5041 13.506968 2.6839611
853 2391.1269 13.617959 4.3452811
854 2383.5864 13.734688 5.9895655
855 2375.884 13.857145 7.6160198
856 2368.0214 13.985311 9.2239227
857 2360.0012 14.119122 10.812865
858 2351.8258 14.258501 12.382516
859 2343.498 14.403372 13.93254
860 2335.0204 14.553658 15.462603
861 2326.3958 14.70928 16.972366
862 2317.6268 14.870157 18.46149
863 2308.7162 15.036211 19.929633
864 2299.6669 15.207358 21.376452
865 2290.4816 15.383517 22.801601
866 2281.1633 15.564604 24.204733
867 2271.7148 15.750534 25.585499
868 2262.139 15.941221 26.943546
869 2252.4389 16.136581 28.278523
870 2242.6176 16.336523 29.590073
871 2232.6779 16.540962 30.87784
872 2222.623 16.749805 32.141463
873 2212.4559 16.962965 33.380582
874 2202.1798 17.180347 34.594835
875 2191.7978 17.401861 35.783854
876 2181.313 17.627412 36.947274
877 2170.7287 17.856906 38.084725
878 2160.0482 18.090247 39.195835
879 2149.2746 18.327339 40.280233
880 2138.4114 18.568084 41.337542
881 2127.4618 18.812383 42.367385
882 2116.4292 19.060136 43.369383
883 2105.3171 19.311243 44.343154
884 2094.1288 19.565601 45.288316
885 2082.8678 19.823108 46.204483
886 2071.5376 20.083661 47.091268
887 2060.1418 20.347153 47.94828
888 2048.684 20.613479 48.77513
889 2037.1676 20.882532 49.571422
890 2025.5965 21.154203 50.336762
891 2013.9741 21.428384 51.070751
892 2002.3043 21.704964 51.772991
893 1990.5908 21.983832 52.443079
894 1978.8373 22.264875 53.080612
895 1967.0475 22.547982 53.685264
896 1955.2243 22.833045 54.257041
897 1943.3704 23.119959 54.796028
898 1931.4887 23.408617 55.302315
899 1919.582 23.698911 55.775994
900 1907.6531 23.990732 56.217159
901 1895.7049 24.283969 56.625906
902 1883.7404 24.578513 57.002335
903 1871.7623 24.87425 57.346546
904 1859.7737 25.171069 57.658642
905 1847.7776 25.468854 57.93873
906 1835.7769 25.76749 58.186919
907 1823.7747 26.066862 58.403317
908 1811.7739 26.366853 58.58804
909 1799.7778 26.667344 58.741201
910 1787.7893 26.968216 58.86292
911 1775.8116 27.269349 58.953316
912 1763.8478 27.570622 59.012512
913 1751.9011 27.871911 59.040633
914 1739.9747 28.173095 59.037807
915 1728.0719 28.474048 59.004164
916 1716.1958 28.774646 58.939836
917 1704.3498 29.074761 58.844959
918 1692.5371 29.374266 58.71967
919 1680.7611 29.673032 58.564108
920 1669.0251 29.97093 58.378417
921 1657.3324 30.267829 58.162742
922 1645.6866 30.563597 57.917229
923 1634.091 30.858102 57.642029
924 1622.5491 31.151208 57.337294
925 1611.0643 31.442783 57.00318
926 1599.6402 31.732688 56.639844
927 1588.2803 32.020787 56.247446
928 1576.9881 32.306942 55.826148
929 1565.7673 32.591014 55.376117
930 1554.6214 32.872861 54.89752
931 1543.5541 33.152343 54.390528
932 1532.569 33.429316 53.855313
933 1521.6699 33.703638 53.292051
934 1510.8601 33.975175 52.700958
935 1500.1413 34.243846 52.08241
936 1489.515 34.509579 51.436824
937 1478.9826 34.772305 50.764622
938 1468.5455 35.031951 50.066231
939 1458.2051 35.288447 49.342081
940 1447.963 35.541719 48.59261
941 1437.8205 35.791695 47.818257
942 1427.7791 36.038302 47.019469
943 1417.8402 36.281466 46.196695
944 1408.0054 36.521114 45.35039
945 1398.2761 36.75717 44.481014
946 1388.6537 36.98956 43.589031
947 1379.1398 37.218208 42.67491
948 1369.7359 37.443038 41.739125
949 1360.4435 37.663974 40.782154
950 1351.264 37.880939 39.804481
951 1342.1991 38.093855 38.806594
952 1333.2501 38.302646 37.788985
953 1324.4188 38.507231 36.752154
954 1315.7065 38.707533 35.696602
955 1307.1148 38.903472 34.622837
956 1298.6453 39.094969 33.531371
957 1290.2996 39.281943 32.422722
958 1282.0791 39.464314 31.297411
959 1273.9856 39.642 30.155967
960 1266.0205 39.814921 28.998921
961 1258.1855 39.982992 27.826809
962 1250.4821 40.146133 26.640174
963 1242.912 40.30426 25.439563
964 1235.4767 40.457289 24.225527
965 1228.1779 40.605136 22.998624
966 1221.0172 40.747716 21.759415
967 1213.9962 40.884946 20.508467
968 1207.1165 41.016738 19.246351
969 1200.3799 41.143007 17.973646
970 1193.788 41.263667 16.690932
971 1187.3424 41.37863 15.398797
972 1181.0447 41.487808 14.097834
973 1174.8964 41.59113 12.788616
974 1168.8972 41.688586 11.471638
975 1163.0468 41.780182 10.147375
976 1157.3445 41.865924 8.8163054
977 1151.7899 41.945819 7.4789133
978 1146.3825 42.019874 6.135686
979 1141.1217 42.088096 4.7871151
980 1136.0071 42.150492 3.4336962
981 1131.0379 42.207071 2.0759291
982 1126.2138 42.257841 0.71431765
983 1121.534 42.30281 -0.65063015
984 1116.9981 42.341986 -2.0184021
985 1112.6054 42.375379 -3.388482
986 1108.3554 42.402997 -4.7603493
987 1104.2473 42.424851 -6.1334794
988 1100.2807 42.44095 -7.5073435
989 1096.4548 42.451305 -8.8814087
990 1092.7689 42.455925 -10.255138
991 1089.2226 42.454821 -11.627989
992 1085.815 42.448005 -12.999417
993 1082.5455 42.435487 -14.368872
994 1079.4133 42.417279 -15.735799
995 1076.4179 42.393393 -17.099641
996 1073.5585 42.363842 -18.459835
997 1070.8343 42.328637 -19.815813
998 1068.2446 42.287792 -21.167005
999 1065.7886 42.241319 -22.512835
1000 1063.4657 42.189231 -23.852724
1001 1061.2751 42.131543 -25.186086
1002 1059.2158 42.068269 -26.512335
1003 1057.2873 41.999422 -27.830876
1004 1055.4886 41.925017 -29.141113
1005 1053.8189 41.84507 -30.442445
1006 1052.2775 41.759594 -31.734264
1007 1050.8634 41.668607 -33.015962
1008 1049.5758 41.572122 -34.286924
1009 1048.4139 41.470157 -35.54653
1010 1047.3768 41.362729 -36.794157
1011 1046.4636 41.249853 -38.029178
1012 1045.6733 41.131556 -39.251023
1013 1045.0042 41.007902 -40.459375
1014 1044.4545 40.878968 -41.653979
1015 1044.0224 40.744828 -42.834578
1016 1043.7061 40.605559 -44.000914
1017 1043.5037 40.461239 -45.152728
1018 1043.4134 40.311944 -46.289758
1019 1043.4332 40.157754 -47.411742
1020 1043.5613 39.998749 -48.518415
1021 1043.7957 39.835009 -49.609513
1022 1044.1344 39.666614 -50.684769
1023 1044.5756 39.493648 -51.743913
1024 1045.1171 39.316191 -52.786677
1025 1045.7571 39.134329 -53.81279
1026 1046.4935 38.948144 -54.821978
1027 1047.3241 38.757723 -55.813967
1028 1048.2471 38.56315 -56.788481
1029 1049.2603 38.364513 -57.745245
1030 1050.3615 38.161899 -58.683978
1031 1051.5487 37.955395 -59.604401
1032 1052.8198 37.745092 -60.506232
1033 1054.1725 37.531078 -61.389189
1034 1055.6046 37.313445 -62.252986
1035 1057.1141 37.092283 -63.097337
1036 1058.6987 36.867686 -63.921956
1037 1060.356 36.639745 -64.726553
1038 1062.084 36.408554 -65.510837
1039 1063.8802 36.17421 -66.274516
1040 1065.7424 35.936805 -67.017298
1041 1067.6683 35.696438 -67.738886
1042 1069.6555 35.453205 -68.438985
1043 1071.7017 35.207204 -69.117295
1044 1073.8045 34.958533 -69.773519
1045 1075.9615 34.707292 -70.407353
1046 1078.1703 34.453582 -71.018497
1047 1080.4284 34.197504 -71.606644
1048 1082.7334 33.939159 -72.171491
1049 1085.0828 33.67865 -72.712729
1050 1087.4741 33.416082 -73.23005
1051 1089.9049 33.151557 -73.723209
1052 1092.3732 32.885171 -74.19222
1053 1094.8771 32.617019 -74.637167
1054 1097.4148 32.347198 -75.058131
1055 1099.9844 32.075804 -75.455198
1056 1102.5838 31.802934 -75.828454
1057 1105.2113 31.528688 -76.177987
1058 1107.8647 31.253164 -76.503885
1059 1110.5422 30.976461 -76.806239
1060 1113.2418 30.698682 -77.085141
1061 1115.9614 30.419926 -77.340684
1062 1118.6991 30.140296 -77.572964
1063 1121.4528 29.859895 -77.782077
1064 1124.2204 29.578828 -77.96812
1065 1127 29.297197 -78.131193
1066 1129.7893 29.015108 -78.271397
1067 1132.5864 28.732669 -78.388834
1068 1135.3891 28.449984 -78.483608
1069 1138.1953 28.167163 -78.555825
1070 1141.0029 27.884312 -78.60559
1071 1143.8096 27.601543 -78.633013
1072 1146.6133 27.318964 -78.638203
1073 1149.4118 27.036686 -78.621272
1074 1152.2029 26.754821 -78.582332
1075 1154.9844 26.473481 -78.521499
1076 1157.754 26.19278 -78.438887
1077 1160.5095 25.912831 -78.334615
1078 1163.2486 25.63375 -78.208801
1079 1165.969 25.355651 -78.061567
1080 1168.6684 25.078651 -77.893033
1081 1171.3445 24.802868 -77.703325
1082 1173.995 24.528419 -77.492566
1083 1176.6174 24.255423 -77.260884
1084 1179.2095 23.984 -77.008407
1085 1181.7688 23.71427 -76.735265
1086 1184.2929 23.446355 -76.44159
1087 1186.7794 23.180376 -76.127514
1088 1189.2259 22.916457 -75.793172
1089 1191.6299 22.654721 -75.438701
1090 1193.9892 22.395282 -75.064268
1091 1196.3027 22.138209 -74.670169
1092 1198.5694 21.88356 -74.256729
1093 1200.7884 21.631395 -73.82428
1094 1202.9589 21.381773 -73.373155
1095 1205.0799 21.134753 -72.903691
1096 1207.1504 20.890397 -72.416226
1097 1209.1697 20.648763 -71.911103
1098 1211.1367 20.409912 -71.388668
1099 1213.0505 20.173907 -70.849268
1100 1214.9102 19.940807 -70.293256
1101 1216.7148 19.710675 -69.720984
1102 1218.4634 19.483573 -69.132812
1103 1220.155 19.259562 -68.529099
1104 1221.7886 19.038707 -67.910208
1105 1223.3633 18.821069 -67.276506
1106 1224.8782 18.606713 -66.628364
1107 1226.3322 18.395702 -65.966152
1108 1227.7243 18.1881 -65.290247
1109 1229.0537 17.983972 -64.601029
1110 1230.3192 17.783382 -63.898877
1111 1231.5199 17.586396 -63.184178
1112 1232.6547 17.393079 -62.45732
1113 1233.7227 17.203497 -61.718693
1114 1234.7229 17.017716 -60.968692
1115 1235.6542 16.835803 -60.207714
1116 1236.5157 16.657825 -59.436159
1117 1237.3062 16.483849 -58.654432
1118 1238.0247 16.313942 -57.862939
1119 1238.6702 16.148173 -57.062089
1120 1239.2417 15.98661 -56.252296
1121 1239.7382 15.829321 -55.433977
1122 1240.1584 15.676376 -54.60755
1123 1240.5014 15.527845 -53.773437
1124 1240.7662 15.383796 -52.932066
1125 1240.9516 15.2443 -52.083864
1126 1241.0565 15.109427 -51.229263
1127 1241.08 14.979249 -50.3687
1128 1241.0208 14.853836 -49.502612
1129 1240.8781 14.733247 -48.631425
1130 1240.6522 14.617486 -47.755505
1131 1240.3433 14.506546 -46.875202
1132 1239.952 14.400417 -45.990871
1133 1239.4786 14.299091 -45.102869
1134 1238.9235 14.202558 -44.211554
1135 1238.2873 14.110808 -43.317289
1136 1237.5702 14.023833 -42.420437
1137 1236.7728 13.941623 -41.521367
1138 1235.8955 13.864167 -40.620447
1139 1234.9387 13.791456 -39.718049
1140 1233.9029 13.723478 -38.814549
1141 1232.7886 13.660224 -37.910324
1142 1231.5962 13.601682 -37.005753
1143 1230.3262 13.547842 -36.10122
1144 1228.979 13.498691 -35.19711
1145 1227.5552 13.45422 -34.29381
1146 1226.0552 13.414415 -33.391711
1147 1224.4795 13.379266 -32.491206
1148 1222.8287 13.348759 -31.592691
1149 1221.1031 13.322883 -30.696565
1150 1219.3034 13.301625 -29.803228
1151 1217.43 13.284973 -28.913084
1152 1215.4835 13.272913 -28.02654
1153 1213.4643 13.265432 -27.144005
1154 1211.373 13.262517 -26.265891
1155 1209.2102 13.264154 -25.392612
1156 1206.9763 13.270329 -24.524586
1157 1204.6719 13.281028 -23.662232
1158 1202.2976 13.296237 -22.805973
1159 1199.854 13.315942 -21.956234
1160 1197.3415 13.340127 -21.113444
1161 1194.7607 13.368778 -20.278032
1162 1192.1123 13.40188 -19.450434
1163 1189.3968 13.439416 -18.631084
1164 1186.6148 13.481372 -17.820421
1165 1183.7668 13.527732 -17.018889
1166 1180.8535 13.578479 -16.22693
1167 1177.8754 13.633598 -15.444992
1168 1174.8333 13.693063 -14.673479
1169 1171.7284 13.75682 -13.912604
1170 1168.5617 13.824803 -13.162537
1171 1165.3346 13.896948 -12.423449
1172 1162.0484 13.973191 -11.695508
1173 1158.7043 14.053464 -10.978888
1174 1155.3036 14.137701 -10.27376
1175 1151.8476 14.225836 -9.5802975
1176 1148.3376 14.317801 -8.8986742
1177 1144.7749 14.413529 -8.2290649
1178 1141.1608 14.512949 -7.5716455
1179 1137.4966 14.615994 -6.9265922
1180 1133.7838 14.722592 -6.2940825
1181 1130.0235 14.832675 -5.6742945
1182 1126.2173 14.946171 -5.0674071
1183 1122.3664 15.063009 -4.4736003
1184 1118.4723 15.183117 -3.8930548
1185 1114.5364 15.306422 -3.325952
1186 1110.5599 15.43285 -2.7724743
1187 1106.5444 15.562329 -2.2328051
1188 1102.4913 15.694784 -1.7071284
1189 1098.402 15.83014 -1.1956292
1190 1094.278 15.968322 -0.69849328
1191 1090.1206 16.109253 -0.2159073
1192 1085.9315 16.252858 0.25194119
1193 1081.7119 16.399059 0.70486379
1194 1077.4635 16.547777 1.1426713
1195 1073.1877 16.698936 1.5651735
1196 1068.886 16.852456 1.9721795
1197 1064.5599 17.008257 2.3634973
1198 1060.211 17.16626 2.7389344
1199 1055.8408 17.326384 3.0982971
1200 1051.4508 17.488547 3.4413909
1201 1047.0426 17.652668 3.7680204
1202 1042.6178 17.818665 4.0779896
1203 1038.1779 17.986454 4.3711013
1204 1033.7246 18.155951 4.6471574
1205 1029.2594 18.327074 4.9059593
1206 1024.7839 18.499736 5.1473071
1207 1020.2997 18.673855 5.371048
1208 1015.8081 18.849351 5.5772202
1209 1011.3103 19.026148 5.7659103
1210 1006.8074 19.204168 5.9372062
1211 1002.3007 19.383334 6.0911965
1212 997.79152 19.563565 6.2279712
1213 993.28099 19.744783 6.347621
1214 988.77039 19.926908 6.4502378
1215 984.26098 20.10986 6.5359145
1216 979.75403 20.293558 6.604745
1217 975.2508 20.47792 6.6568242
1218 970.75257 20.662864 6.6922483
1219 966.26064 20.848308 6.7111141
1220 961.7763 21.034169 6.7135199
1221 957.30085 21.220363 6.6995647
1222 952.83561 21.406805 6.6693486
1223 948.38189 21.593412 6.622973
1224 943.94104 21.780097 6.5605401
1225 939.51437 21.966775 6.4821532
1226 935.10325 22.15336 6.3879167
1227 930.70901 22.339765 6.2779361
1228 926.33303 22.525901 6.1523179
1229 921.97667 22.711682 6.0111696
1230 917.64131 22.897017 5.8545999
1231 913.32834 23.081819 5.6827186
1232 909.03914 23.265998 5.4956364
1233 904.77513 23.449462 5.2934651
1234 900.53771 23.632122 5.0763178
1235 896.3283 23.813885 4.8443084
1236 892.14833 23.99466 4.597552
1237 887.99923 24.174355 4.3361648
1238 883.88245 24.352875 4.0602642
1239 879.79944 24.530128 3.7699683
1240 875.75167 24.706019 3.4653967
1241 871.74059 24.880454 3.14667
1242 867.76769 25.053336 2.8139098
1243 863.83445 25.22457 2.4672387
1244 859.94237 25.394059 2.1067808
1245 856.09295 25.561706 1.7326608
1246 852.28753 25.727423 1.3450266
1247 848.52675 25.891156 0.94411407
1248 844.81109 26.052861 0.53018289
1249 841.14103 26.212493 0.10349454
1250 837.51704 26.370007 -0.33568751
1251 833.93962 26.525358 -0.78709782
1252 830.40924 26.678501 -1.250469
1253 826.92638 26.82939 -1.7255316
1254 823.49154 26.97798 -2.2120145
1255 820.10519 27.124223 -2.7096441
1256 816.76784 27.268074 -3.2181453
1257 813.47998 27.409487 -3.7372407
1258 810.24209 27.548414 -4.2666512
1259 807.05468 27.684809 -4.8060953
1260 803.91823 27.818623 -5.3552899
1261 800.83326 27.949811 -5.9139497
1262 797.80026 28.078323 -6.4817875
1263 794.81973 28.204113 -7.0585139
1264 791.89219 28.327131 -7.6438377
1265 789.01812 28.44733 -8.2374655
1266 786.19806 28.56466 -8.8391021
1267 783.43249 28.679074 -9.4484501
1268 780.72195 28.79052 -10.06521
1269 778.06693 28.898951 -10.689081
1270 775.46796 29.004317 -11.319758
1271 772.92556 29.106567 -11.956938
1272 770.44024 29.205651 -12.600311
1273 768.01252 29.30152 -13.249569
1274 765.64294 29.394122 -13.9044
1275 763.332 29.483407 -14.56449
1276 761.08025 29.569324 -15.229523
1277 758.88821 29.65182 -15.899182
1278 756.7564 29.730845 -16.573147
1279 754.68537 29.806347 -17.251095
1280 752.67564 29.878274 -17.932703
1281 750.72776 29.946573 -18.617645
1282 748.84226 30.011192 -19.305592
1283 747.01968 30.072078 -19.996213
1284 745.26056 30.129177 -20.689178
1285 743.56529 30.182448 -21.384163
1286 741.9336 30.231889 -22.080897
1287 740.36509 30.277511 -22.77912
1288 738.85931 30.319323 -23.478569
1289 737.41583 30.357335 -24.17898
1290 736.03423 30.391559 -24.880087
1291 734.71407 30.422005 -25.581624
1292 733.45489 30.448683 -26.283322
1293 732.25626 30.471604 -26.98491
1294 731.11772 30.49078 -27.686116
1295 730.03882 30.50622 -28.386667
1296 729.01909 30.517938 -29.086286
1297 728.05807 30.525943 -29.784698
1298 727.1553 30.530249 -30.481622
1299 726.3103 30.530866 -31.176779
1300 725.52259 30.527806 -31.869887
1301 724.79169 30.521081 -32.560662
1302 724.11713 30.510704 -33.248818
1303 723.4984 30.496687 -33.934069
1304 722.93501 30.479042 -34.616125
1305 722.42648 30.457782 -35.294697
1306 721.97229 30.432921 -35.969492
1307 721.57193 30.40447 -36.640217
1308 721.2249 30.372443 -37.306575
1309 720.93069 30.336853 -37.96827
1310 720.68876 30.297713 -38.625003
1311 720.4986 30.255038 -39.276473
1312 720.35969 30.208841 -39.922378
1313 720.27148 30.159135 -40.562414
1314 720.23344 30.105935 -41.196275
1315 720.24503 30.049256 -41.823654
1316 720.30571 29.98911 -42.444242
1317 720.41491 29.925513 -43.057727
1318 720.5721 29.85848 -43.663798
1319 720.77671 29.788025 -44.262139
1320 721.02817 29.714164 -44.852436
1321 721.32593 29.63691 -45.434369
1322 721.6694 29.55628 -46.007621
1323 722.05801 29.47229 -46.571868
1324 722.49112 29.38496 -47.126825
1325 722.96785 29.294337 -47.672341
1326 723.48726 29.200473 -48.208305
1327 724.04837 29.103421 -48.734601
1328 724.65024 29.003233 -49.251115
1329 725.29189 28.899965 -49.757733
1330 725.97234 28.793668 -50.254338
1331 726.69063 28.684398 -50.740814
1332 727.44575 28.57221 -51.217046
1333 728.23671 28.457157 -51.682916
1334 729.06252 28.339297 -52.138307
1335 729.92215 28.218684 -52.5831
1336 730.8146 28.095374 -53.017178
1337 731.73885 27.969425 -53.440422
1338 732.69386 27.840894 -53.852713
1339 733.67859 27.709836 -54.25393
1340 734.69202 27.576311 -54.643953
1341 735.73308 27.440377 -55.022662
1342 736.80072 27.302092 -55.389935
1343 737.89387 27.161514 -55.745651
1344 739.01148 27.018704 -56.089687
1345 740.15245 26.87372 -56.421921
1346 741.31571 26.726624 -56.742229
1347 742.50017 26.577475 -57.050488
1348 743.70472 26.426334 -57.346574
1349 744.92827 26.273263 -57.630362
1350 746.1697 26.118323 -57.901727
1351 747.4279 25.961576 -58.160543
1352 748.70173 25.803085 -58.406685
1353 749.99008 25.642913 -58.640025
1354 751.29179 25.481123 -58.860437
1355 752.60572 25.317778 -59.067792
1356 753.93072 25.152942 -59.261964
1357 755.26563 24.986681 -59.442822
1358 756.60927 24.819059 -59.610239
1359 757.96049 24.650141 -59.764085
1360 759.31809 24.479992 -59.904229
1361 760.68089 24.30868 -60.030542
1362 762.04769 24.136269 -60.142892
1363 763.41735 23.962827 -60.241182
1364 764.78894 23.788414 -60.325455
1365 766.16162 23.61309 -60.39579
1366 767.53451 23.436915 -60.452267
1367 768.90673 23.25995 -60.494964
1368 770.27741 23.082257 -60.523964
1369 771.64567 22.903896 -60.539347
1370 773.01062 22.72493 -60.541195
1371 774.37136 22.545421 -60.529592
1372 775.727 22.365431 -60.504621
1373 777.07663 22.185024 -60.466366
1374 778.41934 22.004263 -60.414914
1375 779.75423 21.823211 -60.350348
1376 781.08036 21.641933 -60.272757
1377 782.39682 21.460493 -60.182228
1378 783.70267 21.278956 -60.078849
1379 784.99699 21.097387 -59.962708
1380 786.27883 20.915852 -59.833896
1381 787.54725 20.734416 -59.692502
1382 788.80129 20.553146 -59.538619
1383 790.04 20.372109 -59.372337
1384 791.26243 20.191371 -59.19375
1385 792.46759 20.011001 -59.002951
1386 793.65454 19.831065 -58.800035
1387 794.82227 19.651632 -58.585095
1388 795.96983 19.472772 -58.358229
1389 797.09621 19.294551 -58.119533
1390 798.20042 19.117041 -57.869103
1391 799.28148 18.940311 -57.607038
1392 800.33836 18.76443 -57.333437
1393 801.37008 18.58947 -57.048399
1394 802.3756 18.4155 -56.752024
1395 803.35392 18.242593 -56.444415
1396 804.30401 18.07082 -56.125672
1397 805.22484 17.900253 -55.795899
1398 806.11538 17.730964 -55.455199
1399 806.97458 17.563026 -55.103676
1400 807.80139 17.396513 -54.741436
1401 808.59478 17.231497 -54.368584
1402 809.3538 17.068047 -53.985241
1403 810.07801 16.906201 -53.591594
1404 810.76712 16.745992 -53.187843
1405 811.42081 16.587454 -52.774191
1406 812.03875 16.430621 -52.350841
1407 812.62064 16.275524 -51.917999
1408 813.16616 16.122199 -51.475872
1409 813.67499 15.970678 -51.024668
1410 814.14682 15.820996 -50.564595
1411 814.58132 15.673187 -50.095865
1412 814.97817 15.527285 -49.618689
1413 815.33705 15.383324 -49.133281
1414 815.65763 15.241339 -48.639855
1415 815.9396 15.101364 -48.138628
1416 816.18263 14.963434 -47.629816
1417 816.38638 14.827585 -47.113638
1418 816.55054 14.693851 -46.590315
1419 816.67477 14.562268 -46.060067
1420 816.75874 14.432872 -45.523118
1421 816.80213 14.305696 -44.979691
1422 816.80459 14.180779 -44.430012
1423 816.76579 14.058155 -43.874308
1424 816.68541 13.93786 -43.312807
1425 816.56309 13.819931 -42.745738
1426 816.39852 13.704405 -42.173333
1427 816.19134 13.591317 -41.595823
1428 815.94122 13.480704 -41.013443
1429 815.64781 13.372604 -40.426428
1430 815.31078 13.267053 -39.835013
1431 814.92978 13.164088 -39.239437
1432 814.50447 13.063747 -38.639939
1433 814.0345 12.966068 -38.03676
1434 813.51953 12.871088 -37.430141
1435 812.9592 12.778844 -36.820326
1436 812.35317 12.689375 -36.20756
1437 811.70108 12.602719 -35.592088
1438 811.00259 12.518914 -34.974159
1439 810.25735 12.437999 -34.354022
1440 809.46499 12.360013 -33.731926
1441 808.62528 12.284985 -33.108114
1442 807.73843 12.212916 -32.482792
1443 806.80476 12.143795 -31.856156
1444 805.82461 12.077615 -31.228403
1445 804.7983 12.014365 -30.599734
1446 803.72616 11.954036 -29.970347
1447 802.60854 11.896618 -29.340444
1448 801.44577 11.842103 -28.710227
1449 800.2382 11.79048 -28.0799
1450 798.98616 11.74174 -27.449668
1451 797.69001 11.695872 -26.819734
1452 796.35009 11.652867 -26.190308
1453 794.96676 11.612714 -25.561595
1454 793.54037 11.575404 -24.933805
1455 792.07129 11.540925 -24.307149
1456 790.55985 11.509268 -23.681836
1457 789.00644 11.480421 -23.05808
1458 787.41142 11.454375 -22.436094
1459 785.77515 11.431118 -21.816093
1460 784.098 11.41064 -21.198291
1461 782.38035 11.392929 -20.582906
1462 780.62258 11.377975 -19.970156
1463 778.82506 11.365766 -19.36026
1464 776.98817 11.356291 -18.753438
1465 775.11229 11.349538 -18.14991
1466 773.19782 11.345497 -17.549901
1467 771.24514 11.344154 -16.953633
1468 769.25465 11.345499 -16.36133
1469 767.22674 11.34952 -15.77322
1470 765.1618 11.356205 -15.189528
1471 763.06024 11.365541 -14.610484
1472 760.92245 11.377517 -14.036315
1473 758.74885 11.39212 -13.467254
1474 756.53985 11.409338 -12.903531
1475 754.29584 11.429158 -12.345379
1476 752.01725 11.451567 -11.793031
1477 749.7045 11.476554 -11.246725
1478 747.358 11.504104 -10.706694
1479 744.97817 11.534205 -10.173177
1480 742.56548 11.56684 -9.6463873
1481 740.12058 11.601973 -9.1264354
1482 737.64414 11.639562 -8.613408
1483 735.13687 11.679568 -8.1073916
1484 732.59945 11.72195 -7.608473
1485 730.0326 11.766665 -7.1167397
1486 727.437 11.813672 -6.6322791
1487 724.81338 11.862931 -6.1551792
1488 722.16244 11.914397 -5.6855282
1489 719.4849 11.96803 -5.2234148
1490 716.78148 12.023786 -4.768928
1491 714.05291 12.081622 -4.322157
1492 711.29992 12.141496 -3.8831914
1493 708.52324 12.203364 -3.4521213
1494 705.72361 12.267182 -3.029037
1495 702.90176 12.332907 -2.6140291
1496 700.05846 12.400493 -2.2071886
1497 697.19445 12.469898 -1.808607
1498 694.31047 12.541075 -1.4183759
1499 691.4073 12.61398 -1.0365873
1500 688.4857 12.688568 -0.6633336
1501 685.54643 12.764793 -0.29870762
1502 682.59027 12.842609 0.057197592
1503 679.61799 12.92197 0.40428861
1504 676.63038 13.002831 0.74247166
1505 673.62821 13.085143 1.0716526
1506 670.61228 13.168861 1.391737
1507 667.58338 13.253937 1.7026299
1508 664.54232 13.340324 2.0042363
1509 661.48988 13.427974 2.2964605
1510 658.42689 13.516839 2.5792068
1511 655.35414 13.60687 2.8523789
1512 652.27246 13.698021 3.1158801
1513 649.18266 13.79024 3.3696136
1514 646.08558 13.883481 3.6134821
1515 642.98203 13.977692 3.847388
1516 639.87285 14.072825 4.0712331
1517 636.75888 14.16883 4.2849193
1518 633.64096 14.265656 4.4883478
1519 630.5199 14.363254 4.6814448
1520 627.39636 14.461578 4.8642378
1521 624.27096 14.560583 5.0367799
1522 621.14433 14.660223 5.1991245
1523 618.0171 14.760453 5.3513257
1524 614.88991 14.861225 5.4934379
1525 611.7634 14.962495 5.6255159
1526 608.6382 15.064215 5.7476152
1527 605.51496 15.166339 5.8597915
1528 602.39434 15.26882 5.9621009
1529 599.27697 15.37161 6.0546003
1530 596.16352 15.474661 6.1373466
1531 593.05463 15.577927 6.2103976
1532 589.95098 15.681359 6.2738112
1533 586.85323 15.784908 6.3276458
1534 583.76204 15.888526 6.3719605
1535 580.67809 15.992164 6.4068147
1536 577.60204 16.095774 6.4322682
1537 574.53458 16.199306 6.4483812
1538 571.47639 16.30271 6.4552147
1539 568.42814 16.405936 6.4528297
1540 565.39054 16.508935 6.441288
1541 562.36426 16.611656 6.4206518
1542 559.35 16.714049 6.3909836
1543 556.34847 16.816062 6.3523466
1544 553.36035 16.917645 6.3048042
1545 550.38636 17.018746 6.2484204
1546 547.4272 17.119313 6.1832597
1547 544.48358 17.219296 6.1093871
1548 541.55621 17.318641 6.0268679
1549 538.64582 17.417296 5.9357681
1550 535.75313 17.515209 5.8361538
1551 532.87885 17.612327 5.728092
1552 530.02371 17.708596 5.6116498
1553 527.18846 17.803963 5.4868951
1554 524.37381 17.898374 5.353896
1555 521.58051 17.991776 5.2127212
1556 518.8093 18.084115 5.0634399
1557 516.06093 18.175335 4.9061217
1558 513.33605 18.265387 4.7408482
1559 510.635 18.354242 4.5677477
1560 507.95802 18.441874 4.3869607
1561 505.30537 18.52826 4.1986287
1562 502.67729 18.613373 4.0028939
1563 500.07403 18.697189 3.7998993
1564 497.49584 18.779683 3.5897889
1565 494.94297 18.86083 3.3727074
1566 492.41568 18.940604 3.1488004
1567 489.91421 19.018979 2.9182143
1568 487.43883 19.09593 2.6810965
1569 484.98978 19.171432 2.437595
1570 482.56732 19.245459 2.1878587
1571 480.17171 19.317984 1.9320376
1572 477.8032 19.388981 1.6702822
1573 475.46205 19.458425 1.402744
1574 473.14853 19.52629 1.1295754
1575 470.86288 19.592548 0.85092964
1576 468.60538 19.657174 0.56696073
1577 466.37628 19.720141 0.27782358
1578 464.17584 19.781422 -0.016326014
1579 462.00433 19.84099 -0.31533144
1580 459.86201 19.898819 -0.61903522
1581 457.74915 19.954881 -0.92727899
1582 455.66601 20.00915 -1.2399036
1583 453.61285 20.061598 -1.5567488
1584 451.58996 20.112198 -1.8776539
1585 449.59758 20.160922 -2.202457
1586 447.636 20.207743 -2.5309953
1587 445.70548 20.252633 -2.8631055
1588 443.8063 20.295565 -3.198623
1589 441.93872 20.33651 -3.5373826
1590 440.10302 20.37544 -3.8792182
1591 438.29947 20.412328 -4.2239627
1592 436.52834 20.447144 -4.5714481
1593 434.78991 20.479862 -4.9215059
1594 433.08446 20.510452 -5.2739662
1595 431.41227 20.538885 -5.6286585
1596 429.7736 20.565134 -5.9854115
1597 428.16867 20.589174 -6.3440588
1598 426.59736 20.611008 -6.7044571
1599 425.05949 20.630641 -7.0664683
1600 423.55487 20.64808 -7.4299538
1601 422.08331 20.663332 -7.7947741
1602 420.64462 20.676405 -8.1607891
1603 419.23862 20.687303 -8.5278578
1604 417.8651 20.696036 -8.8958387
1605 416.52388 20.70261 -9.2645894
1606 415.21475 20.707031 -9.6339671
1607 413.93752 20.709308 -10.003828
1608 412.69199 20.709447 -10.374028
1609 411.47796 20.707456 -10.744421
1610 410.29522 20.703341 -11.114862
1611 409.14358 20.697112 -11.485204
1612 408.02283 20.688774 -11.855299
1613 406.93275 20.678336 -12.225001
1614 405.87316 20.665805 -12.594159
1615 404.84382 20.651189 -12.962626
1616 403.84454 20.634496 -13.330249
1617 402.8751 20.615733 -13.696879
1618 401.93529 20.594909 -14.062363
1619 401.02489 20.572032 -14.42655
1620 400.14368 20.547108 -14.789287
1621 399.29145 20.520148 -15.150418
1622 398.46798 20.491158 -15.509791
1623 397.67304 20.460147 -15.867249
1624 396.90641 20.427124 -16.222637
1625 396.16787 20.392096 -16.575797
1626 395.45719 20.355073 -16.926572
1627 394.77415 20.316062 -17.274805
1628 394.11851 20.275073 -17.620335
1629 393.49004 20.232113 -17.963004
1630 392.88852 20.187192 -18.30265
1631 392.3137 20.140319 -18.639113
1632 391.76536 20.091501 -18.972231
1633 391.24326 20.040749 -19.30184
1634 390.74715 19.988072 -19.627778
1635 390.2768 19.933477 -19.949881
1636 389.83194 19.876978 -20.268
1637 389.41216 19.818601 -20.582056
1638 389.01705 19.758375 -20.891988
1639 388.64615 19.69633 -21.197733
1640 388.29904 19.632495 -21.499227
1641 387.97527 19.5669 -21.796409
1642 387.67441 19.499575 -22.089215
1643 387.39601 19.430552 -22.377582
1644 387.13962 19.359859 -22.661446
1645 386.9048 19.287528 -22.940742
1646 386.69109 19.21359 -23.215408
1647 386.49804 19.138075 -23.485378
1648 386.3252 19.061014 -23.750588
1649 386.17209 18.98244 -24.010973
1650 386.03827 18.902382 -24.266467
1651 385.92326 18.820873 -24.517007
1652 385.82661 18.737945 -24.762525
1653 385.74784 18.653629 -25.002956
1654 385.68648 18.567958 -25.238234
1655 385.64205 18.480964 -25.468292
1656 385.61409 18.39268 -25.693065
1657 385.6021 18.303137 -25.912484
1658 385.60561 18.21237 -26.126483
1659 385.62414 18.12041 -26.334995
1660 385.6572 18.027291 -26.537951
1661 385.70429 17.933047 -26.735285
1662 385.76493 17.837711 -26.926927
1663 385.83862 17.741316 -27.112811
1664 385.92487 17.643896 -27.292866
1665 386.02317 17.545486 -27.467024
1666 386.13302 17.44612 -27.635216
1667 386.25392 17.345832 -27.797373
1668 386.38536 17.244656 -27.953424
1669 386.52683 17.142627 -28.103301
1670 386.67782 17.039781 -28.246933
1671 386.83782 16.936152 -28.384249
1672 387.0063 16.831776 -28.515179
1673 387.18274 16.726687 -28.639652
1674 387.36663 16.620923 -28.757597
1675 387.55745 16.514517 -28.86896
1676 387.7548 16.407503 -28.973756
1677 387.95827 16.299914 -29.072017
1678 388.16747 16.191784 -29.163776
1679 388.38199 16.083146 -29.249067
1680 388.60143 15.974034 -29.327922
1681 388.82539 15.86448 -29.400375
1682 389.05346 15.75452 -29.46646
1683 389.28522 15.644187 -29.526211
1684 389.52028 15.533515 -29.579661
1685 389.75821 15.422538 -29.626846
1686 389.9986 15.311292 -29.667801
1687 390.24103 15.199811 -29.70256
1688 390.48508 15.088129 -29.731158
1689 390.73034 14.976282 -29.753631
1690 390.97638 14.864305 -29.770015
1691 391.22277 14.752234 -29.780346
1692 391.46909 14.640103 -29.784659
1693 391.71491 14.527949 -29.782992
1694 391.95979 14.415807 -29.775381
1695 392.20331 14.303713 -29.761863
1696 392.44502 14.191704 -29.742475
1697 392.68449 14.079816 -29.717254
1698 392.92129 13.968086 -29.686239
1699 393.15496 13.856549 -29.649468
1700 393.38507 13.745244 -29.606977
1701 393.61118 13.634207 -29.558807
1702 393.83282 13.523475 -29.504996
1703 394.04955 13.413086 -29.445582
1704 394.26093 13.303077 -29.380605
1705 394.4665 13.193486 -29.310104
1706 394.66579 13.084351 -29.234119
1707 394.85837 12.975709 -29.15269
1708 395.04375 12.8676 -29.065858
1709 395.22149 12.760061 -28.973662
1710 395.39111 12.653131 -28.876143
1711 395.55215 12.546849 -28.773343
1712 395.70415 12.441253 -28.665302
1713 395.84663 12.336384 -28.552063
1714 395.97918 12.232276 -28.433674
1715 396.10157 12.128951 -28.310221
1716 396.21366 12.026429 -28.181794
1717 396.31528 11.924727 -28.048486
1718 396.40627 11.823865 -27.910392
1719 396.48648 11.723862 -27.767604
1720 396.55574 11.624735 -27.620216
1721 396.61388 11.526506 -27.468324
1722 396.66076 11.429191 -27.312022
1723 396.69619 11.332812 -27.151407
1724 396.72002 11.237386 -26.986574
1725 396.73209 11.142933 -26.81762
1726 396.73223 11.049473 -26.644642
1727 396.72027 10.957025 -26.467738
1728 396.69604 10.865608 -26.287006
1729 396.65939 10.775243 -26.102544
1730 396.61014 10.685948 -25.914453
1731 396.54812 10.597743 -25.72283
1732 396.47316 10.510649 -25.527778
1733 396.3851 10.424686 -25.329395
1734 396.28376 10.339872 -25.127784
1735 396.16898 10.256229 -24.923046
1736 396.04058 10.173776 -24.715283
1737 395.89839 10.092534 -24.504598
1738 395.74224 10.012523 -24.291094
1739 395.57195 9.9337638 -24.074875
1740 395.38735 9.856276 -23.856044
1741 395.18826 9.7800805 -23.634708
1742 394.97452 9.705198 -23.410969
1743 394.74593 9.631649 -23.184936
1744 394.50234 9.5594545 -22.956713
1745 394.24355 9.4886351 -22.726407
1746 393.9694 9.4192119 -22.494126
1747 393.6797 9.3512059 -22.259977
1748 393.37427 9.284638 -22.024069
1749 393.05293 9.2195295 -21.78651
1750 392.71551 9.1559016 -21.54741
1751 392.36182 9.0937756 -21.306879
1752 391.99169 9.0331729 -21.065026
1753 391.60496 8.9741108 -20.821959
1754 391.20172 8.9165899 -20.577772
1755 390.78207 8.8606069 -20.332554
1756 390.34612 8.8061581 -20.086398
1757 389.894 8.75324 -19.839393
1758 389.4258 8.7018491 -19.591631
1759 388.94165 8.6519816 -19.343205
1760 388.44167 8.6036339 -19.094207
1761 387.92596 8.5568024 -18.84473
1762 387.39465 8.5114832 -18.594867
1763 386.84786 8.4676726 -18.344711
1764 386.2857 8.4253668 -18.094358
1765 385.70829 8.3845619 -17.843901
1766 385.11575 8.3452541 -17.593436
1767 384.50821 8.3074394 -17.343058
1768 383.88578 8.2711139 -17.092863
1769 383.24858 8.2362736 -16.842948
1770 382.59675 8.2029145 -16.593408
1771 381.93039 8.1710325 -16.344341
1772 381.24965 8.1406236 -16.095845
1773 380.55463 8.1116835 -15.848017
1774 379.84547 8.0842081 -15.600957
1775 379.1223 8.0581932 -15.354762
1776 378.38523 8.0336346 -15.109533
1777 377.6344 8.010528 -14.865369
1778 376.86994 7.9888691 -14.62237
1779 376.09197 7.9686535 -14.380637
1780 375.30063 7.9498769 -14.14027
1781 374.49604 7.9325347 -13.901372
1782 373.67834 7.9166227 -13.664045
1783 372.84766 7.9021361 -13.428389
1784 372.00413 7.8890707 -13.19451
1785 371.14789 7.8774216 -12.962508
1786 370.27906 7.8671844 -12.732489
1787 369.39779 7.8583545 -12.504557
1788 368.50422 7.850927 -12.278815
1789 367.59846 7.8448973 -12.055369
1790 366.68067 7.8402607 -11.834325
1791 365.75098 7.8370124 -11.615787
1792 364.80956 7.835145 -11.399852
1793 363.85663 7.8346412 -11.18657
1794 362.89246 7.8354814 -10.975981
1795 361.91733 7.8376454 -10.768125
1796 360.93148 7.8411134 -10.563042
1797 359.9352 7.845865 -10.360771
1798 358.92874 7.8518802 -10.161355
1799 357.91237 7.8591384 -9.9648321
1800 356.88637 7.8676193 -9.7712441
1801 355.85101 7.8773024 -9.5806317
1802 354.80656 7.8881668 -9.3930357
1803 353.75329 7.9001919 -9.2084972
1804 352.69147 7.9133568 -9.0270576
1805 351.6214 7.9276405 -8.8487581
1806 350.54333 7.9430219 -8.6736404
1807 349.45756 7.9594798 -8.501746
1808 348.36436 7.9769929 -8.3331169
1809 347.26401 7.9955399 -8.167795
1810 346.1568 8.0150991 -8.0058224
1811 345.04302 8.0356489 -7.8472414
1812 343.92294 8.0571677 -7.6920945
1813 342.79686 8.0796336 -7.5404241
1814 341.66505 8.1030247 -7.392273
1815 340.52783 8.1273189 -7.247684
1816 339.38546 8.1524941 -7.1067002
1817 338.23825 8.178528 -6.9693646
1818 337.08649 8.2053982 -6.8357207
1819 335.93048 8.2330823 -6.7058119
1820 334.77051 8.2615577 -6.5796817
1821 333.60687 8.2908016 -6.4573739
1822 332.43987 8.3207914 -6.3389324
1823 331.26981 8.351504 -6.2244013
1824 330.09699 8.3829165 -6.1138247
1825 328.92171 8.4150058 -6.007247
1826 327.74428 8.4477486 -5.9047127
1827 326.565 8.4811215 -5.8062665
1828 325.38418 8.5151012 -5.711953
1829 324.20212 8.549664 -5.6218174
1830 323.01914 8.5847864 -5.5359046
1831 321.83554 8.6204447 -5.4542485
1832 320.65156 8.656616 -5.3768376
1833 319.46744 8.6932778 -5.3036487
1834 318.2834 8.730407 -5.2346587
1835 317.0997 8.7679808 -5.169844
1836 315.91657 8.8059761 -5.1091811
1837 314.73424 8.8443697 -5.0526464
1838 313.55296 8.8831385 -5.000216
1839 312.37296 8.922259 -4.9518659
1840 311.1945 8.9617077 -4.907572
1841 310.0178 9.0014611 -4.8673099
1842 308.84313 9.0414955 -4.8310553
1843 307.67072 9.0817871 -4.7987836
1844 306.50081 9.122312 -4.7704699
1845 305.33366 9.1630462 -4.7460895
1846 304.16952 9.2039656 -4.7256173
1847 303.00862 9.2450461 -4.7090281
1848 301.85123 9.2862632 -4.6962965
1849 300.6976 9.3275926 -4.6873971
1850 299.54797 9.3690096 -4.6823042
1851 298.4026 9.4104898 -4.680992
1852 297.26174 9.4520083 -4.6834346
1853 296.12565 9.4935403 -4.6896059
1854 294.99459 9.5350609 -4.6994796
1855 293.86882 9.5765449 -4.7130293
1856 292.74858 9.6179672 -4.7302285
1857 291.63414 9.6593025 -4.7510505
1858 290.52577 9.7005254 -4.7754684
1859 289.42372 9.7416105 -4.8034551
1860 288.32826 9.782532 -4.8349836
1861 287.23965 9.8232644 -4.8700265
1862 286.15815 9.8637818 -4.9085563
1863 285.08403 9.9040582 -4.9505454
1864 284.01756 9.9440677 -4.995966
1865 282.959 9.983784 -5.0447901
1866 281.90863 10.023181 -5.0969898
1867 280.86671 10.062232 -5.1525366
1868 279.83352 10.100911 -5.2114023
1869 278.80932 10.139191 -5.2735583
1870 277.79437 10.177048 -5.3389704
1871 276.78876 10.214467 -5.4075825
1872 275.79259 10.251434 -5.4793327
1873 274.80593 10.287936 -5.554159
1874 273.82886 10.323961 -5.631999
1875 272.86148 10.359495 -5.7127899
1876 271.90385 10.394525 -5.7964688
1877 270.95606 10.429038 -5.8829722
1878 270.0182 10.46302 -5.9722366
1879 269.09035 10.496458 -6.0641982
1880 268.17259 10.529339 -6.1587926
1881 267.265 10.561649 -6.2559554
1882 266.36766 10.593374 -6.3556218
1883 265.48067 10.624502 -6.4577267
1884 264.60411 10.655018 -6.5622046
1885 263.73805 10.684908 -6.6689899
1886 262.88259 10.71416 -6.7780166
1887 262.03781 10.742759 -6.8892183
1888 261.20379 10.770691 -7.0025284
1889 260.38062 10.797943 -7.11788
1890 259.56838 10.824501 -7.235206
1891 258.76716 10.85035 -7.3544387
1892 257.97705 10.875476 -7.4755103
1893 257.19813 10.899866 -7.5983528
1894 256.43049 10.923506 -7.7228977
1895 255.67422 10.94638 -7.8490761
1896 254.92939 10.968476 -7.9768192
1897 254.19611 10.989778 -8.1060576
1898 253.47445 11.010272 -8.2367215
1899 252.7645 11.029944 -8.368741
1900 252.06636 11.048779 -8.5020459
1901 251.38011 11.066764 -8.6365655
1902 250.70584 11.083882 -8.772229
1903 250.04363 11.100121 -8.9089652
1904 249.39358 11.115464 -9.0467026
1905 248.75577 11.129898 -9.1853693
1906 248.13029 11.143407 -9.3248933
1907 247.51724 11.155977 -9.465202
1908 246.91671 11.167593 -9.6062228
1909 246.32874 11.178242 -9.7478849
1910 245.75329 11.187925 -9.8901264
1911 245.19027 11.196642 -10.032887
1912 244.63957 11.204395 -10.176108
1913 244.10112 11.211187 -10.319727
1914 243.57482 11.217019 -10.463685
1915 243.06058 11.221893 -10.60792
1916 242.5583 11.225812 -10.752372
1917 242.06789 11.228776 -10.896978
1918 241.58927 11.230789 -11.041678
1919 241.12232 11.231852 -11.186409
1920 240.66697 11.231967 -11.33111
1921 240.22311 11.231136 -11.475717
1922 239.79065 11.229362 -11.620168
1923 239.3695 11.226645 -11.7644
1924 238.95955 11.222989 -11.90835
1925 238.56071 11.218396 -12.051955
1926 238.17288 11.212867 -12.19515
1927 237.79596 11.206404 -12.337872
1928 237.42986 11.199011 -12.480057
1929 237.07447 11.190689 -12.62164
1930 236.7297 11.18144 -12.762556
1931 236.39544 11.171266 -12.90274
1932 236.07159 11.16017 -13.042127
1933 235.75805 11.148154 -13.180651
1934 235.45473 11.135221 -13.318247
1935 235.16151 11.121371 -13.454849
1936 234.8783 11.106609 -13.590389
1937 234.60499 11.090936 -13.724803
1938 234.34147 11.074354 -13.858022
1939 234.08765 11.056865 -13.989979
1940 233.84341 11.038473 -14.120608
1941 233.60865 11.01918 -14.24984
1942 233.38327 10.998987 -14.377608
1943 233.16716 10.977898 -14.503844
1944 232.9602 10.955915 -14.628478
1945 232.7623 10.93304 -14.751443
1946 232.57335 10.909276 -14.872669
1947 232.39323 10.884625 -14.992087
1948 232.22183 10.859091 -15.109635
1949 232.05897 10.832687 -15.22528
1950 231.90447 10.805424 -15.338996
1951 231.75816 10.777316 -15.450756
1952 231.61985 10.748375 -15.560535
1953 231.48935 10.718616 -15.668306
1954 231.36648 10.688051 -15.774043
1955 231.25105 10.656693 -15.87772
1956 231.14289 10.624557 -15.979311
1957 231.04179 10.591654 -16.078787
1958 230.94758 10.558 -16.176124
1959 230.86006 10.523607 -16.271294
1960 230.77904 10.488489 -16.364271
1961 230.70434 10.452659 -16.455026
1962 230.63576 10.416132 -16.543535
1963 230.57311 10.378921 -16.629768
1964 230.5162 10.341039 -16.7137
1965 230.46483 10.302502 -16.795303
1966 230.4188 10.263323 -16.874549
1967 230.37793 10.223515 -16.951412
1968 230.34202 10.183093 -17.025862
1969 230.31086 10.142072 -17.097874
1970 230.28426 10.100465 -17.167419
1971 230.26202 10.058286 -17.23447
1972 230.24394 10.015551 -17.298997
1973 230.22982 9.9722725 -17.360975
1974 230.21946 9.9284662 -17.420374
1975 230.21266 9.8841464 -17.477166
1976 230.20921 9.8393276 -17.531323
1977 230.20891 9.7940245 -17.582817
1978 230.21154 9.7482518 -17.631618
1979 230.21692 9.7020243 -17.6777
1980 230.22483 9.6553569 -17.721033
1981 230.23506 9.6082644 -17.761588
1982 230.2474 9.5607619 -17.799337
1983 230.26165 9.5128644 -17.83425
1984 230.27759 9.464587 -17.866299
1985 230.29502 9.4159449 -17.895455
1986 230.31371 9.3669532 -17.921689
1987 230.33348 9.3176274 -17.944978
1988 230.35415 9.2679825 -17.965331
1989 230.37556 9.2180336 -17.982763
1990 230.39755 9.167796 -17.997292
1991 230.41997 9.1172849 -18.008932
1992 230.44266 9.0665157 -18.017699
1993 230.46545 9.0155038 -18.023611
1994 230.48819 8.9642646 -18.026682
1995 230.51071 8.9128137 -18.026929
1996 230.53285 8.8611666 -18.02437
1997 230.55444 8.8093391 -18.019019
1998 230.57534 8.7573469 -18.010894
1999 230.59536 8.7052056 -18.000012
2000 230.61435 8.6529313 -17.986389
2001 230.63213 8.6005397 -17.970042
2002 230.64855 8.5480469 -17.950988
2003 230.66344 8.4954689 -17.929245
2004 230.67662 8.4428218 -17.904828
2005 230.68793 8.3901218 -17.877756
2006 230.69721 8.3373851 -17.848046
2007 230.70427 8.284628 -17.815715
2008 230.70896 8.2318669 -17.780781
2009 230.7111 8.1791182 -17.743262
2010 230.71052 8.1263984 -17.703174
2011 230.70704 8.0737241 -17.660536
2012 230.7005 8.0211118 -17.615366
2013 230.69072 7.9685782 -17.567682
2014 230.67753 7.9161402 -17.517502
2015 230.66075 7.8638145 -17.464843
2016 230.6402 7.8116181 -17.409725
2017 230.61572 7.7595677 -17.352165
2018 230.58711 7.7076806 -17.292183
2019 230.55422 7.6559737 -17.229796
2020 230.51685 7.6044642 -17.165023
2021 230.47483 7.5531693 -17.097883
2022 230.42798 7.5021063 -17.028395
2023 230.37611 7.4512925 -16.956577
2024 230.31906 7.4007453 -16.882449
2025 230.25663 7.3504823 -16.80603
2026 230.18867 7.3005194 -16.727343
2027 230.1151 7.250867 -16.646425
2028 230.03586 7.2015339 -16.563318
2029 229.95091 7.1525291 -16.478064
2030 229.86019 7.1038615 -16.390705
2031 229.76365 7.05554 -16.301283
2032 229.66122 7.0075737 -16.20984
2033 229.55286 6.9599716 -16.116419
2034 229.43851 6.9127427 -16.021064
2035 229.31812 6.8658961 -15.923815
2036 229.19163 6.819441 -15.824718
2037 229.05899 6.7733866 -15.723814
2038 228.92014 6.7277419 -15.621149
2039 228.77503 6.6825163 -15.516764
2040 228.62359 6.6377189 -15.410704
2041 228.46578 6.5933591 -15.303014
2042 228.30153 6.5494462 -15.193736
2043 228.1308 6.5059895 -15.082916
2044 227.95353 6.4629985 -14.970599
2045 227.76965 6.4204824 -14.856828
2046 227.57912 6.3784509 -14.74165
2047 227.38187 6.3369133 -14.625109
2048 227.17785 6.2958792 -14.50725
2049 226.967 6.255358 -14.388119
2050 226.74926 6.2153595 -14.267762
2051 226.52458 6.1758932 -14.146224
2052 226.2929 6.1369687 -14.023552
2053 226.05417 6.0985957 -13.899792
2054 225.80831 6.0607839 -13.774991
2055 225.55528 6.0235431 -13.649194
2056 225.29501 5.986883 -13.52245
2057 225.02745 5.9508134 -13.394804
2058 224.75254 5.9153442 -13.266305
2059 224.47023 5.8804853 -13.136999
2060 224.18044 5.8462464 -13.006934
2061 223.88312 5.8126377 -12.876158
2062 223.57822 5.779669 -12.744719
2063 223.26567 5.7473503 -12.612666
2064 222.94541 5.7156917 -12.480045
2065 222.6174 5.6847015 -12.346906
2066 222.28169 5.6543804 -12.213289
2067 221.93833 5.6247276 -12.079235
2068 221.58738 5.5957422 -11.944786
2069 221.22889 5.5674233 -11.809982
2070 220.86294 5.5397697 -11.674865
2071 220.48958 5.5127807 -11.539476
2072 220.10888 5.4864552 -11.403857
2073 219.72088 5.4607922 -11.268049
2074 219.32566 5.4357908 -11.132095
2075 218.92327 5.4114499 -10.996036
2076 218.51379 5.3877685 -10.859915
2077 218.09726 5.3647457 -10.723774
2078 217.67375 5.3423803 -10.587655
2079 217.24332 5.3206713 -10.451602
2080 216.80605 5.2996177 -10.315657
2081 216.36198 5.2792184 -10.179863
2082 215.91119 5.2594723 -10.044264
2083 215.45374 5.2403784 -9.9089024
2084 214.98969 5.2219356 -9.7738223
2085 214.5191 5.2041427 -9.6390673
2086 214.04205 5.1869987 -9.5046813
2087 213.55859 5.1705024 -9.3707081
2088 213.0688 5.1546527 -9.2371922
2089 212.57273 5.1394484 -9.1041777
2090 212.07046 5.1248885 -8.9717092
2091 211.56205 5.1109717 -8.8398314
2092 211.04756 5.0976969 -8.7085892
2093 210.52706 5.0850629 -8.5780275
2094 210.00063 5.0730685 -8.4481915
2095 209.46832 5.0617125 -8.3191266
2096 208.93021 5.0509936 -8.1908783
2097 208.38637 5.0409108 -8.0634922
2098 207.83685 5.0314627 -7.9370143
2099 207.28174 5.022648 -7.8114904
2100 206.72109 5.0144657 -7.6869668
2101 206.15499 5.0069143 -7.5634898
2102 205.58349 4.9999926 -7.441106
2103 205.00667 4.9936994 -7.3198619
2104 204.42461 4.9880321 -7.1997999
2105 203.83741 4.9829836 -7.0809433
2106 203.2452 4.9785455 -6.9633113
2107 202.64809 4.9747093 -6.8469228
2108 202.04621 4.9714666 -6.731797
2109 201.43968 4.9688089 -6.617953
2110 200.82862 4.9667275 -6.5054101
2111 200.21314 4.965214 -6.3941874
2112 199.59338 4.9642597 -6.2843044
2113 198.96945 4.9638559 -6.1757804
2114 198.34148 4.963994 -6.068635
2115 197.70959 4.9646651 -5.9628876
2116 197.0739 4.9658607 -5.8585578
2117 196.43455 4.9675717 -5.7556653
2118 195.79164 4.9697894 -5.6542298
2119 195.14532 4.9725049 -5.554271
2120 194.49571 4.9757093 -5.4558089
2121 193.84293 4.9793936 -5.3588632
2122 193.1871 4.9835488 -5.263454
2123 192.52837 4.9881658 -5.1696012
2124 191.86685 4.9932357 -5.077325
2125 191.20267 4.9987493 -4.9866455
2126 190.53597 5.0046974 -4.8975829
2127 189.86687 5.0110709 -4.8101575
2128 189.1955 5.0178605 -4.7243896
2129 188.522 5.025057 -4.6402995
2130 187.84649 5.0326511 -4.5579079
2131 187.16911 5.0406334 -4.4772351
2132 186.48998 5.0489945 -4.3983017
2133 185.80924 5.0577251 -4.3211285
2134 185.12703 5.0668156 -4.2457361
2135 184.44348 5.0762567 -4.1721452
2136 183.75871 5.0860387 -4.1003768
2137 183.07287 5.0961521 -4.0304517
2138 182.3861 5.1065873 -3.9623908
2139 181.69852 5.1173346 -3.8962153
2140 181.01027 5.1283844 -3.8319461
2141 180.32149 5.1397269 -3.7696045
2142 179.63231 5.1513524 -3.7092116
2143 178.94288 5.163251 -3.6507838
2144 178.25329 5.1754127 -3.5943177
2145 177.56366 5.1878276 -3.539805
2146 176.87409 5.2004855 -3.4872373
2147 176.18469 5.2133763 -3.4366062
2148 175.49556 5.2264897 -3.3879032
2149 174.80681 5.2398157 -3.3411198
2150 174.11855 5.2533438 -3.2962473
2151 173.43088 5.267064 -3.2532773
2152 172.74392 5.2809657 -3.212201
2153 172.05778 5.2950387 -3.1730097
2154 171.37256 5.3092725 -3.1356946
2155 170.68837 5.3236567 -3.100247
2156 170.00532 5.3381808 -3.066658
2157 169.32353 5.3528343 -3.0349187
2158 168.6431 5.3676066 -3.0050201
2159 167.96414 5.382487 -2.9769532
2160 167.28677 5.397465 -2.950709
2161 166.6111 5.4125298 -2.9262784
2162 165.93724 5.4276707 -2.9036523
2163 165.2653 5.4428769 -2.8828214
2164 164.5954 5.4581377 -2.8637765
2165 163.92765 5.4734421 -2.8465084
2166 163.26216 5.4887793 -2.8310077
2167 162.59905 5.5041384 -2.817265
2168 161.93843 5.5195083 -2.8052709
2169 161.28042 5.5348781 -2.7950159
2170 160.62513 5.5502367 -2.7864904
2171 159.97268 5.5655731 -2.779685
2172 159.32319 5.5808759 -2.7745899
2173 158.67676 5.5961342 -2.7711955
2174 158.03353 5.6113367 -2.7694921
2175 157.3936 5.626472 -2.7694699
2176 156.7571 5.641529 -2.771119
2177 156.12414 5.6564963 -2.7744297
2178 155.49484 5.6713625 -2.779392
2179 154.86932 5.6861161 -2.7859959
2180 154.2477 5.7007458 -2.7942313
2181 153.6301 5.71524 -2.8040884
2182 153.01663 5.729588 -2.8155542
2183 152.40734 5.7437829 -2.8286059
2184 151.80227 5.7578184 -2.8432176
2185 151.20146 5.7716883 -2.8593634
2186 150.60496 5.7853865 -2.8770175
2187 150.01281 5.7989067 -2.8961538
2188 149.42504 5.8122426 -2.9167461
2189 148.84171 5.825388 -2.9387681
2190 148.26285 5.8383366 -2.9621934
2191 147.6885 5.851082 -2.9869955
2192 147.1187 5.8636179 -3.013148
2193 146.55351 5.8759379 -3.0406239
2194 145.99296 5.8880357 -3.0693966
2195 145.43709 5.8999049 -3.0994392
2196 144.88595 5.9115389 -3.1307245
2197 144.33958 5.9229314 -3.1632254
2198 143.79801 5.9340759 -3.1969148
2199 143.26131 5.9449659 -3.2317653
2200 142.7295 5.9555948 -3.2677493
2201 142.20263 5.9659562 -3.3048394
2202 141.68075 5.9760435 -3.3430079
2203 141.1639 5.9858501 -3.3822269
2204 140.65211 5.9953693 -3.4224686
2205 140.14544 6.0045947 -3.463705
2206 139.64394 6.0135194 -3.505908
2207 139.14763 6.0221369 -3.5490494
2208 138.65657 6.0304405 -3.5931008
2209 138.1708 6.0384235 -3.6380338
2210 137.69037 6.046079 -3.6838199
2211 137.21531 6.0534004 -3.7304304
2212 136.74569 6.0603809 -3.7778365
2213 136.28152 6.0670137 -3.8260093
2214 135.82288 6.0732919 -3.87492
2215 135.36979 6.0792087 -3.9245393
2216 134.9223 6.0847573 -3.9748381
2217 134.48046 6.0899307 -4.025787
2218 134.04432 6.0947221 -4.0773567
2219 133.61391 6.0991245 -4.1295176
2220 133.18929 6.103131 -4.1822401
2221 132.77049 6.1067357 -4.235495
2222 132.35748 6.1099377 -4.2892555
2223 131.95025 6.112737 -4.3434955
2224 131.54875 6.1151339 -4.3981885
2225 131.15297 6.1171285 -4.4533081
2226 130.76286 6.118721 -4.5088277
2227 130.37841 6.1199114 -4.5647208
2228 129.99957 6.1207001 -4.6209605
2229 129.62632 6.1210871 -4.6775201
2230 129.25863 6.1210727 -4.7343727
2231 128.89647 6.120657 -4.791491
2232 128.5398 6.1198402 -4.8488482
2233 128.18859 6.1186225 -4.9064168
2234 127.84282 6.1170041 -4.9641696
2235 127.50244 6.1149852 -5.0220791
2236 127.16744 6.1125659 -5.0801179
2237 126.83777 6.1097465 -5.1382582
2238 126.51341 6.1065272 -5.1964724
2239 126.19432 6.1029082 -5.2547327
2240 125.88047 6.0988897 -5.313011
2241 125.57182 6.0944719 -5.3712794
2242 125.26835 6.0896551 -5.4295098
2243 124.97003 6.0844394 -5.4876739
2244 124.67681 6.0788251 -5.5457434
2245 124.38866 6.0728124 -5.6036899
2246 124.10556 6.0664015 -5.6614848
2247 123.82747 6.0595928 -5.7190996
2248 123.55435 6.0523863 -5.7765055
2249 123.28618 6.0447825 -5.8336736
2250 123.0229 6.0367814 -5.8905751
2251 122.76451 6.0283834 -5.9471809
2252 122.51095 6.0195888 -6.0034619
2253 122.26219 6.0103977 -6.0593889
2254 122.01821 6.0008105 -6.1149325
2255 121.77896 5.9908273 -6.1700633
2256 121.5444 5.9804486 -6.2247517
2257 121.31452 5.9696745 -6.2789682
2258 121.08926 5.9585053 -6.332683
2259 120.86859 5.9469413 -6.3858662
2260 120.65248 5.9349837 -6.4384907
2261 120.44085 5.9226366 -6.4905407
2262 120.23365 5.9099053 -6.5420028
2263 120.03079 5.8967948 -6.5928638
2264 119.83221 5.8833103 -6.6431104
2265 119.63783 5.869457 -6.6927294
2266 119.44759 5.8552401 -6.7417073
2267 119.26141 5.8406648 -6.7900307
2268 119.07923 5.8257365 -6.8376862
2269 118.90096 5.8104602 -6.8846603
2270 118.72654 5.7948414 -6.9309394
2271 118.5559 5.7788853 -6.97651
2272 118.38896 5.7625973 -7.0213584
2273 118.22564 5.7459827 -7.065471
2274 118.06588 5.7290469 -7.108834
2275 117.9096 5.7117952 -7.1514337
2276 117.75673 5.6942332 -7.1932564
2277 117.60719 5.6763661 -7.2342881
2278 117.46091 5.6581996 -7.274515
2279 117.31782 5.639739 -7.3139232
2280 117.17783 5.6209898 -7.3524986
2281 117.04087 5.6019576 -7.3902274
2282 116.90687 5.5826479 -7.4270954
2283 116.77575 5.5630663 -7.4630885
2284 116.64743 5.5432183 -7.4981926
2285 116.52185 5.5231096 -7.5323936
2286 116.39891 5.5027458 -7.5656771
2287 116.27855 5.4821325 -7.5980289
2288 116.16068 5.4612753 -7.6294348
2289 116.04523 5.4401801 -7.6598803
2290 115.93212 5.4188524 -7.6893511
2291 115.82127 5.3972981 -7.7178327
2292 115.7126 5.3755228 -7.7453106
2293 115.60604 5.3535323 -7.7717702
2294 115.5015 5.3313326 -7.7971972
2295 115.39891 5.3089292 -7.8215767
2296 115.29819 5.2863282 -7.8448941
2297 115.19924 5.2635353 -7.8671348
2298 115.10201 5.2405565 -7.888284
2299 115.0064 5.2173976 -7.9083299
2300 114.91234 5.1940652 -7.9272734
2301 114.81978 5.1705656 -7.9451182
2302 114.72865 5.1469054 -7.9618682
2303 114.63888 5.123091 -7.9775272
2304 114.5504 5.0991289 -7.9920991
2305 114.46315 5.0750259 -8.0055879
2306 114.37706 5.0507883 -8.0179974
2307 114.29206 5.0264229 -8.0293316
2308 114.20809 5.0019362 -8.0395946
2309 114.12508 4.977335 -8.0487902
2310 114.04296 4.9526259 -8.0569224
2311 113.96166 4.9278155 -8.0639954
2312 113.88111 4.9029107 -8.0700132
2313 113.80125 4.8779182 -8.0749798
2314 113.72201 4.8528447 -8.0788994
2315 113.64331 4.827697 -8.0817761
2316 113.5651 4.802482 -8.083614
2317 113.48729 4.7772065 -8.0844172
2318 113.40982 4.7518773 -8.08419
2319 113.33261 4.7265015 -8.0829365
2320 113.25561 4.7010858 -8.0806611
2321 113.17873 4.6756372 -8.0773679
2322 113.10191 4.6501627 -8.0730612
2323 113.02508 4.6246692 -8.0677452
2324 112.94816 4.5991639 -8.0614244
2325 112.87108 4.5736536 -8.054103
2326 112.79378 4.5481456 -8.0457854
2327 112.71617 4.5226467 -8.036476
2328 112.63819 4.4971643 -8.0261792
2329 112.55977 4.4717053 -8.0148993
2330 112.48083 4.446277 -8.0026409
2331 112.40129 4.4208866 -7.9894083
2332 112.32109 4.3955411 -7.9752061
2333 112.24016 4.370248 -7.9600388
2334 112.15841 4.3450143 -7.9439109
2335 112.07577 4.3198475 -7.926827
2336 111.99217 4.2947547 -7.9087916
2337 111.90754 4.2697434 -7.8898093
2338 111.82181 4.2448203 -7.8698865
2339 111.73494 4.2199902 -7.8490363
2340 111.6469 4.1952573 -7.8272738
2341 111.55766 4.1706258 -7.8046141
2342 111.46721 4.1461 -7.7810721
2343 111.37549 4.121684 -7.756663
2344 111.2825 4.0973823 -7.7314022
2345 111.18819 4.073199 -7.7053048
2346 111.09255 4.0491385 -7.6783862
2347 110.99553 4.025205 -7.6506618
2348 110.89712 4.0014029 -7.622147
2349 110.79727 3.9777366 -7.5928574
2350 110.69597 3.9542103 -7.5628084
2351 110.59318 3.9308285 -7.5320158
2352 110.48887 3.9075955 -7.5004951
2353 110.38301 3.8845157 -7.4682622
2354 110.27558 3.8615935 -7.4353328
2355 110.16653 3.8388333 -7.4017227
2356 110.05586 3.8162397 -7.367448
2357 109.94351 3.7938169 -7.3325245
2358 109.82946 3.7715695 -7.2969682
2359 109.71369 3.749502 -7.2607954
2360 109.59615 3.7276188 -7.224022
2361 109.47683 3.7059244 -7.1866644
2362 109.35569 3.6844234 -7.1487387
2363 109.23269 3.6631203 -7.1102613
2364 109.10781 3.6420196 -7.0712486
2365 108.98102 3.6211259 -7.0317169
2366 108.85229 3.6004438 -6.9916829
2367 108.72158 3.5799778 -6.951163
2368 108.58886 3.5597326 -6.9101739
2369 108.45411 3.5397127 -6.8687322
2370 108.31729 3.5199228 -6.8268546
2371 108.17836 3.5003676 -6.784558
2372 108.03731 3.4810516 -6.7418593
2373 107.89409 3.4619796 -6.6987752
2374 107.74867 3.4431562 -6.6553228
2375 107.60103 3.4245862 -6.6115191
2376 107.45112 3.4062742 -6.5673811
2377 107.29893 3.3882243 -6.5229259
2378 107.14447 3.3704374 -6.4781694
2379 106.98774 3.3529138 -6.4331273
2380 106.82876 3.335654 -6.3878157
2381 106.66755 3.318658 -6.3422505
2382 106.50412 3.3019263 -6.2964475
2383 106.33849 3.285459 -6.2504229
2384 106.17066 3.2692566 -6.2041928
2385 106.00067 3.2533192 -6.1577733
2386 105.82851 3.2376472 -6.1111807
2387 105.65421 3.2222409 -6.0644311
2388 105.47777 3.2071005 -6.0175409
2389 105.29923 3.1922262 -5.9705266
2390 105.11858 3.1776185 -5.9234044
2391 104.93585 3.1632775 -5.876191
2392 104.75105 3.1492036 -5.8289028
2393 104.5642 3.135397 -5.7815564
2394 104.37531 3.121858 -5.7341685
2395 104.1844 3.1085868 -5.6867559
2396 103.99148 3.0955839 -5.6393352
2397 103.79657 3.0828493 -5.5919233
2398 103.59969 3.0703834 -5.544537
2399 103.40084 3.0581865 -5.4971933
2400 103.20005 3.0462589 -5.4499093
2401 102.99734 3.0346008 -5.4027018
2402 102.79271 3.0232124 -5.355588
2403 102.58618 3.0120941 -5.3085852
2404 102.37778 3.0012461 -5.2617104
2405 102.16751 2.9906687 -5.2149809
2406 101.95539 2.9803622 -5.1684142
2407 101.74145 2.9703268 -5.1220275
2408 101.52569 2.9605628 -5.0758383
2409 101.30813 2.9510704 -5.0298641
2410 101.08878 2.9418499 -4.9841224
2411 100.86767 2.9329016 -4.9386308
2412 100.64482 2.9242258 -4.8934071
2413 100.42023 2.9158226 -4.8484689
2414 100.19392 2.9076924 -4.803834
2415 99.965919 2.8998354 -4.7595202
2416 99.736237 2.8922513 -4.7155438
2417 99.504912 2.8849378 -4.6719146
2418 99.271983 2.8778919 -4.6286406
2419 99.03749 2.8711106 -4.5857301
2420 98.801471 2.864591 -4.5431913
2421 98.563966 2.8583301 -4.5010323
2422 98.325015 2.852325 -4.4592614
2423 98.084658 2.8465725 -4.4178869
2424 97.842934 2.8410698 -4.3769171
2425 97.599884 2.8358137 -4.3363602
2426 97.355548 2.8308014 -4.2962246
2427 97.109966 2.8260296 -4.2565188
2428 96.863179 2.8214954 -4.217251
2429 96.615227 2.8171956 -4.1784297
2430 96.366152 2.8131273 -4.1400633
2431 96.115993 2.8092873 -4.1021603
2432 95.864792 2.8056725 -4.0647292
2433 95.61259 2.8022799 -4.0277784
2434 95.359429 2.7991062 -3.9913167
2435 95.10535 2.7961483 -3.9553524
2436 94.850395 2.7934031 -3.9198942
2437 94.594604 2.7908675 -3.8849506
2438 94.338021 2.7885382 -3.8505305
2439 94.080687 2.7864121 -3.8166423
2440 93.822645 2.7844859 -3.7832948
2441 93.563936 2.7827565 -3.7504967
2442 93.304603 2.7812207 -3.7182567
2443 93.044689 2.7798752 -3.6865837
2444 92.784236 2.7787168 -3.6554863
2445 92.523288 2.7777422 -3.6249734
2446 92.261887 2.7769481 -3.5950539
2447 92.000076 2.7763313 -3.5657366
2448 91.737899 2.7758885 -3.5370304
2449 91.4754 2.7756164 -3.5089441
2450 91.212621 2.7755117 -3.4814869
2451 90.949606 2.775571 -3.4546675
2452 90.6864 2.775791 -3.428495
2453 90.423046 2.7761683 -3.4029785
2454 90.159588 2.7766997 -3.3781269
2455 89.89607 2.7773816 -3.3539475
2456 89.632528 2.7782101 -3.3304399
2457 89.368999 2.7791813 -3.307602
2458 89.105517 2.7802913 -3.2854316
2459 88.84212 2.7815359 -3.2639266
2460 88.578844 2.7829113 -3.2430847
2461 88.315724 2.7844133 -3.2229036
2462 88.052798 2.7860379 -3.2033813
2463 87.790101 2.7877811 -3.1845153
2464 87.52767 2.7896389 -3.1663036
2465 87.265543 2.791607 -3.1487438
2466 87.003755 2.7936814 -3.1318336
2467 86.742345 2.7958581 -3.1155708
2468 86.481348 2.7981329 -3.0999531
2469 86.220803 2.8005016 -3.0849782
2470 85.960746 2.8029601 -3.0706437
2471 85.701216 2.8055042 -3.0569474
2472 85.442249 2.8081298 -3.0438868
2473 85.183883 2.8108326 -3.0314597
2474 84.926157 2.8136085 -3.0196636
2475 84.669107 2.8164533 -3.0084963
2476 84.412773 2.8193626 -2.9979552
2477 84.157192 2.8223322 -2.9880381
2478 83.902402 2.8253579 -2.9787425
2479 83.648442 2.8284354 -2.9700659
2480 83.39535 2.8315604 -2.962006
2481 83.143166 2.8347286 -2.9545604
2482 82.891927 2.8379357 -2.9477265
2483 82.641673 2.8411773 -2.9415018
2484 82.392442 2.8444491 -2.935884
2485 82.144274 2.8477467 -2.9308706
2486 81.897208 2.8510658 -2.9264589
2487 81.651282 2.8544019 -2.9226465
2488 81.406538 2.8577507 -2.919431
2489 81.163014 2.8611077 -2.9168096
2490 80.920749 2.8644685 -2.91478
2491 80.679785 2.8678286 -2.9133396
2492 80.44016 2.8711836 -2.9124856
2493 80.201914 2.874529 -2.9122157
2494 79.965084 2.8778606 -2.9125261
2495 79.729686 2.8811754 -2.9134088
2496 79.495735 2.8844706 -2.9148547
2497 79.263243 2.8877434 -2.9168546
2498 79.032224 2.8909911 -2.9193993
2499 78.80269 2.8942108 -2.9224797
2500 78.574655 2.8973999 -2.9260864
